1.0 0.125263 0.409286 0.5 0.230769 0.375 0.055614 0.0 0.0 0.000000 1.0 0.5 0.0500 0.01212 0.0
0.0 0.134135 0.250000 0.5 0.538462 0.375 0.005789 0.0 0.0 0.000000 0.0 0.5 0.0800 0.00000 0.0
0.0 0.238045 0.062500 0.0 0.230769 0.375 0.043860 0.0 0.0 0.000000 1.0 0.5 0.1400 0.00000 0.0
0.0 0.119098 0.410714 0.0 0.307692 0.250 0.000000 1.0 1.0 0.164179 1.0 0.5 0.0000 0.00000 1.0
1.0 0.096541 0.291786 0.5 0.384615 0.375 0.068772 1.0 1.0 0.208955 0.0 0.5 0.0300 0.00158 1.0
0.0 0.031278 0.020893 0.5 0.538462 0.875 0.052632 1.0 1.0 0.029851 0.0 0.5 0.0500 0.00000 1.0
1.0 0.055188 0.232143 0.5 0.153846 0.375 0.004386 0.0 0.0 0.000000 0.0 0.5 0.0300 0.00100 0.0
0.0 0.675489 0.159286 0.5 0.769231 0.875 0.106667 1.0 1.0 0.089552 0.0 0.5 0.0215 0.00560 1.0
1.0 0.211729 0.035714 0.0 0.076923 0.875 0.105263 0.0 0.0 0.000000 0.0 0.5 0.0880 0.00537 0.0
0.0 0.631579 0.252857 0.5 0.230769 0.875 0.236842 1.0 1.0 0.044776 1.0 0.5 0.0500 0.00050 0.0
1.0 0.296992 0.062500 0.5 1.000000 0.875 0.157895 1.0 1.0 0.059701 1.0 0.5 0.1265 0.00857 1.0
1.0 0.416090 0.178571 0.5 0.769231 0.875 0.175439 1.0 1.0 0.089552 1.0 0.5 0.2350 0.00000 1.0
1.0 0.104060 0.044643 0.0 0.538462 0.875 0.048246 1.0 1.0 0.044776 1.0 0.5 0.0700 0.00210 0.0
1.0 0.318346 0.178571 0.5 1.000000 0.875 0.263158 1.0 1.0 0.089552 1.0 0.5 0.0000 0.01000 1.0
1.0 0.674135 0.096786 0.5 0.538462 0.375 0.084737 0.0 0.0 0.000000 1.0 0.5 0.1600 0.00000 0.0
1.0 0.516241 0.215714 0.5 0.230769 0.375 0.001404 0.0 0.0 0.000000 0.0 0.5 0.0000 0.02690 1.0
1.0 0.238045 0.160714 0.5 0.615385 0.375 0.263158 1.0 1.0 0.029851 1.0 0.5 0.1650 0.00000 1.0
0.0 0.077744 0.321429 0.5 0.384615 0.375 0.026316 1.0 1.0 0.029851 0.0 0.5 0.0440 0.00591 1.0
1.0 0.093985 0.044643 0.0 0.230769 0.375 0.004386 0.0 0.0 0.000000 0.0 0.5 0.0700 0.00004 0.0
0.0 0.130376 0.202321 0.5 0.769231 0.375 0.090702 1.0 1.0 0.104478 0.0 0.5 0.0645 0.03257 1.0
0.0 0.216842 0.020893 0.5 0.384615 0.375 0.001404 0.0 0.0 0.000000 0.0 0.5 0.1300 0.01004 0.0
0.0 0.081504 0.020893 0.0 0.384615 0.375 0.020526 1.0 0.0 0.000000 1.0 0.5 0.0800 0.00000 0.0
1.0 0.412331 0.047679 0.5 0.076923 0.375 0.005789 0.0 0.0 0.000000 0.0 0.5 0.0840 0.00000 0.0
1.0 0.418496 0.062500 0.5 0.230769 0.375 0.007368 1.0 0.0 0.000000 0.0 0.5 0.0800 0.00000 0.0
1.0 0.086466 0.342321 0.5 0.384615 0.375 0.027719 0.0 0.0 0.000000 0.0 0.5 0.0400 0.00350 0.0
1.0 0.285714 0.053571 0.5 0.923077 0.875 0.192982 1.0 1.0 0.044776 1.0 0.5 0.0000 0.00000 1.0
1.0 0.131579 0.004464 0.0 0.230769 0.375 0.004386 0.0 0.0 0.000000 0.0 0.5 0.1000 0.00070 0.0
1.0 0.292030 0.108571 0.0 0.538462 0.875 0.071579 1.0 1.0 0.014925 1.0 0.5 0.0900 0.18027 1.0
0.0 0.254436 0.428571 0.5 0.538462 0.375 0.070175 1.0 1.0 0.014925 0.0 0.5 0.1100 0.00019 1.0
1.0 0.140301 0.089286 0.5 0.538462 0.375 0.038070 1.0 1.0 0.164179 1.0 0.5 0.0300 0.02184 1.0
1.0 0.199248 0.026786 0.5 0.538462 0.875 0.149123 1.0 1.0 0.044776 1.0 0.5 0.1560 0.00150 1.0
0.0 0.100301 0.375000 0.0 1.000000 0.875 0.000000 0.0 0.0 0.000000 1.0 0.5 0.0770 0.00032 0.0
1.0 0.580150 0.049107 0.0 0.538462 0.875 0.331930 1.0 0.0 0.000000 1.0 0.5 0.1000 0.00100 0.0
1.0 0.140301 0.410714 0.5 0.615385 0.875 0.074561 1.0 1.0 0.164179 1.0 0.5 0.1450 0.00284 1.0
1.0 0.437293 0.044643 0.5 0.461538 0.375 0.486842 0.0 1.0 0.014925 1.0 0.5 0.1760 0.00112 0.0
1.0 0.918496 0.678571 0.0 0.000000 0.000 0.001404 0.0 1.0 0.029851 0.0 0.5 0.0000 0.00351 0.0
1.0 0.169173 0.446429 0.5 0.384615 0.375 0.105263 1.0 0.0 0.000000 1.0 0.0 0.0100 0.00000 1.0
1.0 0.388421 0.496964 0.5 0.615385 0.375 0.302632 1.0 1.0 0.089552 1.0 0.5 0.0350 0.00000 1.0
0.0 0.511278 0.285714 0.5 0.538462 0.375 0.276316 1.0 1.0 0.089552 1.0 0.5 0.0000 0.01260 1.0
0.0 0.506316 0.107143 0.5 1.000000 0.375 0.486842 1.0 1.0 0.029851 1.0 0.5 0.2595 0.01704 1.0
1.0 0.141654 0.000000 0.5 0.923077 0.375 0.002982 1.0 0.0 0.000000 0.0 0.5 0.0000 0.00000 1.0
1.0 0.132782 0.053571 0.0 0.384615 0.375 0.018947 0.0 0.0 0.000000 1.0 0.5 0.0600 0.00067 0.0
1.0 0.195489 0.040179 0.5 1.000000 0.875 0.043860 1.0 0.0 0.000000 0.0 0.5 0.0000 0.05298 1.0
1.0 0.745564 0.019286 0.5 0.538462 0.375 0.020526 1.0 1.0 0.044776 1.0 0.5 0.0900 0.00000 0.0
1.0 0.150376 0.014821 0.0 0.538462 0.375 0.001404 0.0 1.0 0.029851 0.0 0.5 0.0640 0.00006 0.0
0.0 0.105263 0.366071 0.5 0.769231 0.375 0.024912 1.0 1.0 0.029851 1.0 0.5 0.0245 0.00000 1.0
0.0 0.161654 0.062500 0.0 0.538462 0.375 0.005789 0.0 0.0 0.000000 0.0 0.5 0.0660 0.00000 0.0
1.0 0.036391 0.001429 0.5 0.538462 0.375 0.001404 0.0 0.0 0.000000 0.0 0.5 0.0000 0.00000 1.0
0.0 0.236842 0.071429 0.0 0.692308 0.875 0.070175 0.0 0.0 0.000000 0.0 0.5 0.1280 0.00017 0.0
0.0 0.587669 0.535714 0.5 0.538462 0.375 0.192982 1.0 1.0 0.208955 0.0 0.5 0.0000 0.02200 1.0
1.0 0.279398 0.125000 0.5 0.230769 0.375 0.017544 0.0 0.0 0.000000 1.0 0.5 0.1160 0.00000 0.0
1.0 0.110226 0.147321 0.0 0.153846 0.875 0.001404 0.0 0.0 0.000000 0.0 0.5 0.0700 0.00100 0.0
1.0 0.216842 0.004464 0.0 0.230769 0.375 0.002982 0.0 0.0 0.000000 0.0 0.5 0.1080 0.02100 0.0
1.0 0.078947 0.062500 0.0 0.538462 0.375 0.081930 0.0 0.0 0.000000 1.0 0.5 0.0560 0.00006 0.0
1.0 0.207970 0.116071 0.0 0.769231 0.875 0.178421 0.0 1.0 0.029851 1.0 0.5 0.1845 0.00001 0.0
1.0 0.211729 0.053571 0.5 0.615385 0.375 0.070175 1.0 1.0 0.164179 1.0 0.5 0.2170 0.00035 1.0
1.0 0.394737 0.232143 0.5 0.384615 0.500 0.122807 1.0 1.0 0.014925 0.0 0.5 0.0000 0.00500 1.0
0.0 0.354586 0.089286 0.5 0.153846 0.875 0.007368 0.0 0.0 0.000000 0.0 0.5 0.1300 0.00246 0.0
1.0 0.432331 0.175536 0.0 0.615385 0.375 0.111053 1.0 0.0 0.000000 1.0 0.5 0.0260 0.01442 1.0
1.0 0.646617 0.437500 0.5 0.461538 0.375 0.043860 1.0 1.0 0.059701 1.0 0.5 0.1000 0.00000 1.0
1.0 0.442406 0.178571 0.5 0.153846 0.500 0.078947 0.0 0.0 0.000000 1.0 0.5 0.0705 0.00000 0.0
0.0 0.150376 0.025357 0.5 0.615385 0.375 0.008772 0.0 1.0 0.014925 1.0 0.5 0.1200 0.00004 0.0
1.0 0.071429 0.071429 0.5 0.153846 0.375 0.052632 1.0 1.0 0.029851 0.0 0.5 0.0600 0.00300 1.0
0.0 0.407218 0.125000 0.5 0.153846 0.500 0.017544 0.0 0.0 0.000000 0.0 0.0 0.5800 0.00000 0.0
0.0 0.161654 0.017857 0.5 0.769231 0.875 0.052632 1.0 0.0 0.000000 0.0 0.5 0.1400 0.00824 1.0
1.0 0.424812 0.349643 0.5 1.000000 0.875 0.279298 1.0 1.0 0.119403 0.0 0.5 0.0000 0.00000 1.0
0.0 0.086466 0.005893 0.5 0.769231 0.375 0.001404 0.0 0.0 0.000000 1.0 0.5 0.1900 0.00000 0.0
1.0 0.116541 0.410714 0.5 0.153846 0.375 0.017544 1.0 0.0 0.000000 1.0 0.5 0.0500 0.00068 0.0
1.0 0.263158 0.101250 0.5 0.000000 0.000 0.000000 0.0 1.0 0.074627 0.0 0.5 0.0880 0.00146 0.0
1.0 0.203008 0.056607 0.5 0.923077 0.875 0.064386 1.0 1.0 0.179104 1.0 0.5 0.2915 0.00713 1.0
1.0 0.526316 0.940536 0.0 0.000000 0.000 0.000000 1.0 0.0 0.000000 1.0 0.5 0.0000 0.00000 0.0
0.0 0.250677 0.049107 0.5 0.615385 0.875 0.001404 0.0 1.0 0.044776 0.0 0.5 0.0000 0.00033 0.0
1.0 0.235639 0.044643 0.5 0.615385 0.375 0.061404 0.0 0.0 0.000000 0.0 0.5 0.1000 0.00000 0.0
1.0 0.218045 0.180000 0.0 0.538462 0.500 0.052632 1.0 1.0 0.119403 1.0 0.5 0.0720 0.00007 1.0
1.0 0.398496 0.767857 0.5 0.692308 1.000 0.701754 1.0 1.0 0.164179 0.0 0.5 0.0000 0.01200 1.0
1.0 0.342105 0.151786 0.5 0.769231 0.375 0.122807 0.0 0.0 0.000000 0.0 0.5 0.2270 0.00050 0.0
1.0 0.177895 0.011964 0.5 0.230769 0.875 0.122807 0.0 0.0 0.000000 1.0 0.5 0.1700 0.00000 0.0
1.0 0.241805 0.125000 0.5 0.538462 0.375 0.005789 0.0 0.0 0.000000 0.0 0.5 0.1080 0.00000 0.0
1.0 0.140301 0.000000 0.5 0.230769 0.375 0.035088 0.0 1.0 0.164179 0.0 0.0 0.0000 0.00000 0.0
0.0 0.276992 0.052143 0.5 0.615385 0.375 0.038070 1.0 1.0 0.238806 0.0 0.5 0.0600 0.02079 1.0
1.0 0.171729 0.125000 0.5 0.923077 0.375 0.021930 1.0 1.0 0.104478 0.0 0.5 0.0000 0.07059 1.0
0.0 0.322105 0.133929 0.5 0.000000 0.000 0.000000 0.0 1.0 0.089552 0.0 0.5 0.0000 0.00200 0.0
0.0 0.072632 0.357143 0.5 0.076923 0.375 0.014561 0.0 0.0 0.000000 0.0 0.5 0.0400 0.00042 0.0
1.0 0.393534 0.178571 0.5 0.153846 0.500 0.007368 0.0 0.0 0.000000 0.0 0.5 0.2750 0.00000 0.0
1.0 0.145414 0.035714 0.5 0.538462 0.375 0.017544 0.0 0.0 0.000000 1.0 0.0 0.1400 0.00000 0.0
1.0 0.358346 0.000000 0.5 0.538462 0.375 0.000000 0.0 0.0 0.000000 0.0 1.0 0.0920 0.00000 1.0
0.0 0.165414 0.488036 0.5 0.769231 0.875 0.052632 0.0 0.0 0.000000 0.0 0.5 0.1400 0.00001 0.0
0.0 0.500000 0.464286 0.5 0.153846 0.500 0.181228 1.0 1.0 0.134328 1.0 0.5 0.0000 0.00000 1.0
1.0 0.307068 0.187500 0.5 0.615385 0.375 0.002982 0.0 0.0 0.000000 1.0 0.5 0.1450 0.00006 1.0
1.0 0.126617 0.020893 0.0 0.000000 0.000 0.000000 0.0 0.0 0.000000 0.0 0.5 0.0500 0.00000 0.0
1.0 0.210526 0.046071 0.5 0.230769 0.875 0.008772 0.0 0.0 0.000000 1.0 0.0 0.0700 0.00000 0.0
1.0 0.436090 0.145893 0.5 0.384615 0.375 0.001404 0.0 0.0 0.000000 0.0 0.5 0.0540 0.00100 0.0
1.0 0.224361 0.517857 0.5 0.076923 0.375 0.004386 0.0 0.0 0.000000 0.0 0.5 0.0000 0.00286 0.0
1.0 0.338346 0.178571 0.5 0.538462 0.500 0.087719 1.0 1.0 0.089552 0.0 0.5 0.0000 0.00367 1.0
0.0 0.066466 0.357143 0.0 0.769231 0.875 0.005789 0.0 0.0 0.000000 0.0 0.5 0.1700 0.00000 0.0
1.0 0.112782 0.053571 0.5 0.615385 0.375 0.052632 0.0 0.0 0.000000 0.0 0.5 0.0750 0.00008 1.0
0.0 0.378496 0.059464 0.5 0.384615 0.375 0.008772 0.0 0.0 0.000000 0.0 0.5 0.0000 0.00390 0.0
1.0 0.271880 0.001429 0.0 0.461538 0.375 0.001404 0.0 0.0 0.000000 0.0 0.5 0.0000 0.00000 0.0
0.0 0.053835 0.339286 0.5 0.384615 0.375 0.061404 0.0 1.0 0.149254 1.0 0.5 0.0000 0.00010 0.0
0.0 0.100301 0.029821 0.5 0.769231 0.375 0.055614 1.0 1.0 0.014925 0.0 0.5 0.0000 0.00000 1.0
0.0 0.380902 0.142857 0.5 0.538462 0.375 0.105263 0.0 0.0 0.000000 0.0 0.5 0.2400 0.00000 0.0
1.0 0.374737 0.007500 0.5 0.230769 0.375 0.002982 1.0 0.0 0.000000 1.0 0.5 0.1400 0.00000 1.0
1.0 0.209323 0.491071 0.5 0.615385 0.375 0.201754 1.0 0.0 0.000000 1.0 0.5 0.2435 0.00500 1.0
1.0 0.210526 0.020893 0.0 0.923077 0.375 0.008772 1.0 1.0 0.029851 0.0 0.5 0.1300 0.00500 1.0
1.0 0.078947 0.000000 0.0 0.000000 0.000 0.000000 0.0 1.0 0.059701 0.0 0.5 0.0225 0.00001 0.0
0.0 0.169173 0.031250 0.5 1.000000 0.875 0.036491 1.0 0.0 0.000000 1.0 0.5 0.0800 0.05860 1.0
1.0 0.209323 0.071429 0.5 1.000000 0.875 0.035088 1.0 1.0 0.059701 0.0 0.5 0.0700 0.07544 1.0
1.0 0.127820 0.321429 0.5 0.384615 0.375 0.002982 0.0 0.0 0.000000 0.0 0.5 0.0000 0.00000 0.0
0.0 0.542556 0.485179 0.5 0.230769 0.875 0.298246 1.0 0.0 0.000000 1.0 0.5 0.0000 0.00000 1.0
1.0 0.279398 0.089286 0.5 0.538462 0.375 0.043860 0.0 0.0 0.000000 1.0 0.5 0.1400 0.00000 0.0
1.0 0.368421 0.361607 0.0 0.230769 0.375 0.004386 0.0 0.0 0.000000 0.0 0.5 0.0800 0.00000 0.0
1.0 0.504962 0.232143 0.5 0.538462 0.375 0.035088 0.0 0.0 0.000000 1.0 0.5 0.0000 0.00228 0.0
1.0 0.211729 0.142857 0.0 0.153846 0.875 0.201754 1.0 1.0 0.029851 1.0 0.5 0.0375 0.00000 0.0
0.0 0.330827 0.032679 0.5 0.384615 0.375 0.026316 1.0 1.0 0.059701 0.0 0.5 0.0000 0.01583 1.0
1.0 0.298195 0.008929 0.5 0.153846 0.500 0.140351 0.0 0.0 0.000000 1.0 0.0 0.2100 0.00000 0.0
1.0 0.305714 0.002857 0.0 0.461538 0.500 0.001404 1.0 1.0 0.014925 1.0 0.5 0.1400 0.02000 1.0
0.0 0.105263 0.369107 0.5 0.923077 0.875 0.011754 1.0 1.0 0.014925 1.0 0.5 0.0400 0.00050 1.0
1.0 0.292030 0.035714 0.5 1.000000 0.375 0.026316 1.0 1.0 0.104478 1.0 0.5 0.1700 0.04071 1.0
1.0 0.135338 0.392857 0.5 0.769231 0.375 0.087719 1.0 1.0 0.104478 1.0 0.5 0.0500 0.00809 1.0
1.0 0.526316 0.303571 0.5 0.538462 0.875 0.438596 1.0 1.0 0.134328 0.0 0.5 0.0905 0.01655 1.0
1.0 0.403459 0.178571 0.5 0.538462 0.375 0.175439 1.0 1.0 0.104478 0.0 0.5 0.0000 0.03065 1.0
1.0 0.104060 0.029821 0.0 0.538462 0.375 0.070175 0.0 0.0 0.000000 1.0 0.0 0.1200 0.00000 0.0
0.0 0.375940 0.053571 0.5 0.000000 0.000 0.000000 0.0 0.0 0.000000 0.0 0.5 0.0380 0.00000 0.0
0.0 0.651579 0.696429 0.5 0.538462 0.375 0.192982 1.0 1.0 0.104478 0.0 0.5 0.0000 0.03000 1.0
0.0 0.263158 0.133929 0.5 0.923077 0.875 0.021930 1.0 1.0 0.134328 1.0 0.5 0.0905 0.00000 1.0
1.0 0.124060 0.028214 0.5 0.615385 0.375 0.010175 0.0 1.0 0.014925 0.0 0.5 0.2100 0.00283 0.0
0.0 0.670376 0.357143 0.5 0.769231 0.375 0.140351 1.0 1.0 0.208955 0.0 0.5 0.0000 0.01602 1.0
1.0 0.228120 0.013393 0.5 0.538462 0.375 0.010175 0.0 0.0 0.000000 0.0 0.5 0.1100 0.00140 0.0
0.0 0.484962 0.142857 0.5 0.307692 0.250 0.000000 1.0 0.0 0.000000 0.0 0.5 0.0500 0.00960 1.0
1.0 0.109023 0.107143 0.0 0.076923 0.375 0.038070 1.0 1.0 0.119403 1.0 0.5 0.0800 0.00001 1.0
0.0 0.165414 0.446429 0.5 0.384615 0.375 0.052632 1.0 1.0 0.179104 1.0 0.5 0.0600 0.00567 1.0
0.0 0.106466 0.017857 0.0 0.692308 0.125 0.035088 0.0 0.0 0.000000 0.0 0.5 0.1300 0.00000 0.0
1.0 0.162857 0.482143 0.0 0.000000 0.000 0.000000 0.0 0.0 0.000000 0.0 0.5 0.0920 0.00000 0.0
0.0 0.191729 0.096786 0.0 0.538462 0.375 0.002982 0.0 0.0 0.000000 0.0 0.0 0.0400 0.00000 0.0
1.0 0.408571 0.029821 0.5 0.000000 0.000 0.000000 1.0 0.0 0.000000 0.0 0.5 0.0650 0.00001 0.0
0.0 0.369624 0.157679 0.5 0.538462 0.375 0.004386 0.0 0.0 0.000000 0.0 0.5 0.0800 0.00000 0.0
1.0 0.087669 0.020893 0.5 0.000000 0.000 0.000000 0.0 1.0 0.044776 0.0 0.5 0.1750 0.00769 0.0
1.0 0.383459 0.339286 0.5 0.461538 0.375 0.228070 1.0 1.0 0.208955 0.0 0.5 0.1200 0.04607 1.0
1.0 0.180451 0.017857 0.5 0.538462 0.375 0.051228 1.0 1.0 0.074627 1.0 0.5 0.1560 0.00000 1.0
0.0 0.486165 0.107143 0.5 0.538462 0.375 0.083333 1.0 1.0 0.119403 1.0 0.5 0.1980 0.04159 1.0
1.0 0.089023 0.357143 0.0 0.230769 0.875 0.029298 1.0 0.0 0.000000 1.0 0.5 0.0700 0.00000 0.0
0.0 0.127820 0.044643 0.0 0.000000 0.000 0.114035 0.0 0.0 0.000000 0.0 0.5 0.1400 0.00000 0.0
1.0 0.076391 0.126429 0.0 0.000000 0.000 0.000000 0.0 0.0 0.000000 1.0 0.5 0.0900 0.00001 0.0
1.0 0.756842 0.714286 0.5 1.000000 0.875 0.614035 1.0 1.0 0.134328 1.0 0.5 0.0000 0.01000 1.0
0.0 0.041353 0.044643 0.5 0.769231 0.375 0.008772 0.0 1.0 0.014925 0.0 0.5 0.0540 0.00098 0.0
0.0 0.825865 0.535714 0.5 0.692308 1.000 0.000000 1.0 1.0 0.208955 0.0 0.5 0.0000 0.03376 1.0
1.0 0.947368 0.796071 0.5 0.692308 1.000 0.447368 1.0 1.0 0.014925 1.0 0.5 0.0000 0.00109 1.0
0.0 0.032632 0.102679 0.5 0.769231 0.375 0.002982 0.0 0.0 0.000000 0.0 0.5 0.0600 0.00000 0.0
1.0 0.316992 0.142857 0.5 0.076923 0.500 0.438596 1.0 0.0 0.000000 1.0 0.5 0.0920 0.00000 0.0
0.0 0.506316 0.285714 0.5 0.692308 0.500 0.228070 1.0 1.0 0.089552 0.0 0.5 0.1875 0.51100 1.0
1.0 0.141654 0.000000 0.5 0.538462 0.375 0.000000 0.0 0.0 0.000000 0.0 1.0 0.0920 0.00000 1.0
1.0 0.472481 0.053571 0.5 0.538462 0.375 0.087719 1.0 0.0 0.000000 1.0 0.5 0.0700 0.00000 0.0
1.0 0.021353 0.250000 0.5 0.692308 0.375 0.035088 0.0 0.0 0.000000 0.0 0.5 0.3000 0.00000 0.0
1.0 0.076391 0.014821 0.0 0.538462 0.375 0.005789 0.0 1.0 0.014925 0.0 0.5 0.1000 0.00001 0.0
1.0 0.582707 0.232143 0.5 0.230769 0.375 0.220702 1.0 1.0 0.223881 0.0 0.5 0.0000 0.11202 1.0
1.0 0.081504 0.000000 0.0 0.461538 0.500 0.000000 0.0 0.0 0.000000 1.0 0.0 0.2500 0.00001 1.0
1.0 0.063910 0.005893 0.5 0.769231 0.750 0.007368 0.0 0.0 0.000000 0.0 0.5 0.1000 0.00040 1.0
1.0 0.357143 0.029821 0.5 0.692308 0.375 0.001404 0.0 0.0 0.000000 0.0 0.5 0.0600 0.00005 0.0
1.0 0.134135 0.056607 0.0 0.615385 0.375 0.108246 1.0 1.0 0.089552 0.0 0.5 0.0400 0.00000 1.0
1.0 0.512481 0.148750 0.5 1.000000 0.500 0.002982 0.0 0.0 0.000000 1.0 0.5 0.2600 0.00000 0.0
1.0 0.305714 0.089286 0.5 0.538462 0.375 0.035088 0.0 0.0 0.000000 0.0 0.5 0.2300 0.00016 0.0
0.0 0.290677 0.058036 0.5 0.076923 0.375 0.018947 0.0 0.0 0.000000 1.0 0.5 0.0000 0.00000 0.0
1.0 0.441053 0.013393 0.0 0.538462 0.375 0.013158 1.0 1.0 0.119403 1.0 0.5 0.1500 0.00162 1.0
1.0 0.312030 0.144286 0.0 0.153846 0.500 0.298246 1.0 1.0 0.104478 1.0 0.5 0.0975 0.00000 1.0
1.0 0.436090 0.107143 0.5 0.153846 0.500 0.035088 1.0 0.0 0.000000 0.0 0.5 0.0000 0.00200 0.0
1.0 0.067669 0.005893 0.5 0.076923 0.375 0.008772 0.0 0.0 0.000000 1.0 0.0 0.1400 0.00000 0.0
1.0 0.140301 0.089286 0.5 0.000000 0.000 0.002982 0.0 0.0 0.000000 1.0 0.5 0.0500 0.04208 0.0
0.0 0.131579 0.302143 0.0 1.000000 0.375 0.086316 0.0 0.0 0.000000 0.0 0.5 0.0820 0.00000 1.0
1.0 0.062707 0.007321 0.5 0.384615 0.375 0.001404 0.0 0.0 0.000000 0.0 0.5 0.1400 0.00750 0.0
1.0 0.070226 0.371964 0.0 0.384615 0.375 0.004386 1.0 0.0 0.000000 0.0 0.5 0.0600 0.00375 0.0
0.0 0.209323 0.053571 0.5 0.461538 0.375 0.070175 1.0 0.0 0.000000 0.0 0.0 0.1840 0.00000 0.0
0.0 0.077744 0.330357 0.0 0.538462 0.375 0.035088 1.0 1.0 0.059701 1.0 0.5 0.0400 0.00500 1.0
1.0 0.134135 0.026786 0.5 0.153846 0.375 0.055614 0.0 1.0 0.014925 1.0 0.5 0.2000 0.00009 0.0
1.0 0.733083 0.455357 0.0 0.538462 0.875 0.175439 1.0 0.0 0.000000 0.0 0.5 0.0560 0.00000 0.0
0.0 0.146617 0.321429 0.5 0.769231 0.375 0.298246 1.0 1.0 0.074627 1.0 0.5 0.0600 0.00000 1.0
1.0 0.323308 0.113036 0.5 1.000000 0.875 0.131579 1.0 0.0 0.000000 1.0 0.5 0.3400 0.00000 0.0
0.0 0.647820 0.151786 0.0 0.000000 0.000 0.175439 0.0 0.0 0.000000 1.0 0.5 0.0000 0.00004 0.0
0.0 0.595188 0.005893 0.5 0.000000 0.000 0.000000 0.0 0.0 0.000000 1.0 0.0 0.0310 0.00027 0.0
1.0 0.412331 0.144286 0.5 0.923077 0.875 0.245614 1.0 1.0 0.119403 0.0 0.5 0.1600 0.00000 1.0
1.0 0.427368 0.180000 0.5 0.769231 0.875 0.447368 1.0 0.0 0.000000 1.0 0.5 0.0460 0.00000 1.0
1.0 0.412331 0.044643 0.0 0.615385 0.375 0.008772 0.0 0.0 0.000000 0.0 0.5 0.0000 0.00195 0.0
0.0 0.300752 0.026786 0.5 0.230769 0.500 0.035088 1.0 1.0 0.044776 1.0 0.5 0.1060 0.00000 0.0
1.0 0.179248 0.446429 0.5 0.923077 0.375 0.042456 1.0 1.0 1.000000 1.0 0.5 0.0700 0.00258 1.0
1.0 0.159098 0.236607 0.0 0.076923 0.375 0.192982 1.0 0.0 0.000000 1.0 0.0 0.0500 0.00000 1.0
1.0 0.144060 0.415179 0.0 0.615385 0.375 0.029298 1.0 0.0 0.000000 1.0 0.5 0.0800 0.00300 1.0
1.0 0.254436 0.089286 0.5 0.923077 0.875 0.078947 0.0 0.0 0.000000 1.0 0.0 0.1700 0.00000 0.0
1.0 0.352180 0.142857 0.5 0.538462 0.500 0.175439 1.0 0.0 0.000000 1.0 0.0 0.1400 0.00000 0.0
1.0 0.187970 0.055000 0.5 0.615385 0.375 0.004386 0.0 0.0 0.000000 0.0 0.5 0.0500 0.00000 0.0
0.0 0.240602 0.023750 0.5 0.615385 0.375 0.008772 0.0 0.0 0.000000 1.0 0.5 0.1500 0.00000 0.0
0.0 0.139098 0.065536 0.5 0.307692 0.250 0.000000 0.0 1.0 0.014925 0.0 0.5 0.1000 0.00053 0.0
1.0 0.052632 0.107143 0.5 0.230769 0.375 0.001404 0.0 0.0 0.000000 1.0 0.5 0.0800 0.00040 0.0
1.0 0.233083 0.528214 0.5 0.384615 0.375 0.176842 1.0 1.0 0.074627 1.0 0.5 0.0840 0.00000 1.0
0.0 0.223008 0.126429 0.5 0.153846 0.500 0.017544 1.0 0.0 0.000000 1.0 0.5 0.0855 0.00000 0.0
1.0 0.313233 0.000000 0.5 0.538462 0.375 0.000000 0.0 0.0 0.000000 0.0 1.0 0.0920 0.00000 0.0
1.0 0.145414 0.020893 0.5 0.538462 0.875 0.002982 1.0 0.0 0.000000 0.0 0.5 0.0900 0.00000 0.0
1.0 0.169173 0.401786 0.5 0.538462 0.375 0.087719 1.0 1.0 0.253731 0.0 0.5 0.1000 0.01208 1.0
0.0 0.075188 0.267857 0.5 0.769231 0.375 0.095088 1.0 1.0 0.074627 0.0 0.5 0.0920 0.26726 1.0
1.0 0.050075 0.008929 0.5 0.769231 0.375 0.011754 0.0 1.0 0.059701 0.0 0.5 0.0800 0.00008 0.0
0.0 0.035038 0.011964 0.5 0.000000 0.000 0.000000 0.0 1.0 0.014925 0.0 0.5 0.0800 0.00126 0.0
1.0 0.288271 0.089286 0.5 0.384615 0.375 0.061404 0.0 1.0 0.029851 1.0 0.5 0.3600 0.00000 0.0
0.0 0.098947 0.357143 0.5 0.538462 0.875 0.035088 1.0 1.0 0.059701 0.0 0.5 0.0250 0.01465 1.0
0.0 0.120301 0.062500 0.0 0.307692 0.250 0.000000 0.0 0.0 0.000000 0.0 0.5 0.0800 0.00000 0.0
1.0 0.292030 0.037143 0.5 0.846154 0.875 0.228070 1.0 0.0 0.000000 1.0 0.5 0.0820 0.31285 1.0
0.0 0.174135 0.074464 0.5 0.538462 0.875 0.096491 1.0 0.0 0.000000 1.0 0.5 0.1800 0.00001 0.0
0.0 0.165414 0.107143 0.5 0.769231 0.875 0.064386 1.0 1.0 0.283582 0.0 0.5 0.0000 0.00500 1.0
1.0 0.256842 0.000000 0.5 0.615385 0.375 0.043860 1.0 1.0 0.014925 0.0 0.5 0.1010 0.00000 1.0
1.0 0.105263 0.181607 0.0 0.307692 0.375 0.010175 0.0 0.0 0.000000 0.0 0.5 0.0700 0.00184 0.0
0.0 0.399699 0.290179 0.0 0.230769 0.375 0.005789 0.0 1.0 0.029851 0.0 0.5 0.0920 0.00018 0.0
1.0 0.235639 0.044643 0.5 0.538462 0.875 0.008772 0.0 1.0 0.029851 1.0 0.5 0.2000 0.00108 0.0
1.0 0.408571 0.017857 0.0 0.461538 0.375 0.017544 0.0 0.0 0.000000 1.0 0.5 0.0650 0.00000 0.0
0.0 0.236842 0.016429 0.5 0.230769 0.375 0.018947 1.0 1.0 0.059701 0.0 0.5 0.1900 0.00500 1.0
1.0 0.611579 0.017857 0.0 0.230769 0.875 0.138947 1.0 0.0 0.000000 0.0 0.5 0.0900 0.00314 1.0
1.0 0.304511 0.196429 0.0 0.538462 0.375 0.052632 0.0 0.0 0.000000 1.0 0.5 0.0300 0.00000 0.0
1.0 0.169173 0.428571 0.5 0.230769 0.375 0.078947 1.0 1.0 0.029851 1.0 0.5 0.0600 0.00005 0.0
0.0 0.192932 0.090714 0.0 0.000000 0.000 0.000000 0.0 0.0 0.000000 1.0 0.5 0.0900 0.00060 0.0
0.0 0.290677 0.165179 0.5 0.769231 0.875 0.057018 1.0 1.0 0.029851 0.0 0.5 0.0000 0.00000 1.0
1.0 0.299549 0.077321 0.5 0.538462 0.375 0.052632 0.0 0.0 0.000000 0.0 1.0 0.0600 0.00000 0.0
1.0 0.337143 0.196429 0.5 0.153846 0.500 0.175439 0.0 0.0 0.000000 0.0 0.5 0.1050 0.00687 0.0
1.0 0.086466 0.010357 0.5 0.230769 0.375 0.010175 0.0 0.0 0.000000 0.0 0.5 0.1400 0.00364 0.0
1.0 0.156692 0.031250 0.5 0.769231 0.375 0.162281 1.0 1.0 0.029851 1.0 0.5 0.2600 0.02000 1.0
0.0 0.251880 0.232143 0.5 0.538462 0.500 0.140351 1.0 1.0 0.104478 1.0 0.5 0.0000 0.03065 1.0
1.0 0.093985 0.250000 0.5 0.538462 0.375 0.017544 0.0 0.0 0.000000 0.0 0.5 0.0000 0.00000 0.0
1.0 0.174135 0.020714 0.5 0.538462 0.375 0.010175 1.0 1.0 0.104478 1.0 0.5 0.0480 0.05124 1.0
1.0 0.238045 0.169643 0.5 0.461538 0.375 0.070175 0.0 1.0 0.014925 1.0 0.5 0.2300 0.00068 0.0
1.0 0.442406 0.080357 0.5 0.153846 0.500 0.026316 1.0 0.0 0.000000 0.0 0.5 0.2800 0.00000 0.0
1.0 0.225564 0.041607 0.5 0.230769 0.375 0.017544 1.0 0.0 0.000000 0.0 0.0 0.1400 0.00000 0.0
1.0 0.267970 0.107143 0.0 0.153846 0.500 0.245614 0.0 0.0 0.000000 0.0 0.5 0.0000 0.00001 0.0
1.0 0.097744 0.355714 0.5 0.692308 0.125 0.000000 1.0 0.0 0.000000 0.0 0.5 0.0000 0.00000 1.0
1.0 0.469925 0.303571 0.5 0.923077 0.875 0.491228 1.0 1.0 0.014925 1.0 0.5 0.0440 0.02000 1.0
0.0 0.136541 0.081786 0.5 0.769231 0.875 0.080351 1.0 1.0 0.104478 1.0 0.5 0.0700 0.02384 1.0
0.0 0.104060 0.107143 0.5 0.769231 0.375 0.005789 1.0 1.0 0.044776 0.0 0.5 0.0500 0.00006 1.0
1.0 0.211729 0.053571 0.5 0.615385 0.375 0.078947 0.0 1.0 0.014925 1.0 0.5 0.0500 0.00003 0.0
1.0 0.408571 0.080357 0.0 1.000000 0.875 0.350877 1.0 0.0 0.000000 1.0 0.5 0.0880 0.00000 0.0
1.0 0.641654 1.000000 0.0 0.538462 0.375 1.000000 1.0 1.0 0.597015 0.0 0.5 0.0000 0.00015 1.0
0.0 0.756842 0.005893 0.5 0.000000 0.000 0.000000 1.0 1.0 0.014925 0.0 0.5 0.1160 0.00100 1.0
0.0 0.130376 0.401786 0.0 1.000000 0.875 0.026316 1.0 1.0 0.059701 0.0 0.5 0.0000 0.00321 1.0
0.0 0.159098 0.089286 0.0 0.153846 0.500 0.157895 0.0 0.0 0.000000 0.0 0.5 0.1000 0.00456 0.0
0.0 0.838346 0.214286 0.5 0.000000 0.000 0.000000 0.0 0.0 0.000000 0.0 0.0 0.0000 0.00000 0.0
1.0 0.328271 0.026786 0.5 0.230769 0.375 0.052632 0.0 0.0 0.000000 1.0 0.5 0.1155 0.00000 0.0
1.0 0.520000 0.428571 0.5 0.461538 0.375 0.561404 1.0 0.0 0.000000 0.0 0.0 0.0550 0.00000 1.0
0.0 0.215489 0.535714 0.0 0.692308 1.000 0.000000 1.0 0.0 0.000000 0.0 0.5 0.0000 0.13212 1.0
1.0 0.322105 0.089286 0.5 0.230769 0.375 0.157895 1.0 1.0 0.104478 0.0 0.5 0.0750 0.01270 1.0
1.0 0.537594 0.270893 0.5 0.153846 0.500 0.266140 1.0 1.0 0.223881 1.0 0.5 0.0000 0.05000 1.0
1.0 1.000000 0.196429 0.5 0.538462 0.375 0.018947 1.0 0.0 0.000000 0.0 0.5 0.0000 0.00340 0.0
1.0 0.233083 0.464286 0.5 0.076923 0.875 0.017544 0.0 0.0 0.000000 0.0 0.5 0.1140 0.00000 0.0
0.0 0.047669 0.017857 0.5 0.153846 0.375 0.005789 0.0 1.0 0.089552 1.0 0.5 0.1200 0.00035 0.0
0.0 0.033835 0.005893 0.5 0.384615 0.375 0.035088 0.0 1.0 0.029851 1.0 0.5 0.1600 0.00001 0.0
1.0 0.696692 0.517857 0.5 0.000000 0.000 0.631579 1.0 1.0 0.223881 1.0 0.5 0.0000 0.01000 1.0
1.0 0.214286 0.071429 0.5 0.230769 0.875 0.146140 1.0 1.0 0.029851 1.0 0.5 0.0905 0.00000 1.0
1.0 0.417293 0.055000 0.5 0.153846 0.500 0.122807 0.0 0.0 0.000000 0.0 0.5 0.1080 0.00000 1.0
1.0 0.155338 0.321429 0.5 0.384615 0.375 0.008772 0.0 0.0 0.000000 1.0 0.5 0.0000 0.00000 0.0
1.0 0.161654 0.476250 0.0 0.384615 0.375 0.001404 0.0 0.0 0.000000 1.0 0.5 0.0600 0.00475 0.0
1.0 0.315789 0.535714 0.5 0.846154 0.750 0.188596 1.0 1.0 0.134328 1.0 0.5 0.0000 0.00134 1.0
1.0 0.299549 0.044643 0.5 0.615385 0.375 0.040877 0.0 0.0 0.000000 0.0 0.5 0.0600 0.00000 0.0
0.0 0.407218 0.357143 0.5 0.769231 0.875 0.061404 1.0 0.0 0.000000 0.0 0.5 0.0145 0.00837 1.0
1.0 0.100301 0.065536 0.5 0.538462 0.375 0.078947 1.0 1.0 0.014925 0.0 0.5 0.0500 0.00150 1.0
1.0 0.357143 0.040179 0.0 0.076923 0.375 0.052632 0.0 0.0 0.000000 1.0 0.5 0.2155 0.00000 1.0
1.0 0.522556 0.151786 0.5 0.461538 0.375 0.004386 1.0 0.0 0.000000 1.0 0.5 0.1125 0.00000 1.0
1.0 0.139098 0.026786 0.5 0.461538 0.375 0.017544 0.0 0.0 0.000000 1.0 0.0 0.1600 0.00000 0.0
1.0 0.319549 0.120536 0.5 0.538462 0.875 0.290877 0.0 0.0 0.000000 1.0 0.5 0.0000 0.00000 0.0
1.0 0.038797 0.098214 0.5 0.384615 0.375 0.023333 0.0 1.0 0.014925 0.0 0.5 0.0400 0.00021 0.0
1.0 0.134135 0.375000 0.5 0.769231 0.875 0.046842 1.0 0.0 0.000000 0.0 0.5 0.0500 0.00000 1.0
0.0 0.120301 0.419643 0.5 0.538462 0.375 0.008772 0.0 0.0 0.000000 1.0 0.5 0.0900 0.00000 0.0
0.0 0.170376 0.090714 0.0 0.384615 0.375 0.008772 1.0 0.0 0.000000 1.0 0.5 0.1850 0.00000 1.0
1.0 0.339549 0.075893 0.0 0.615385 0.375 0.002982 1.0 1.0 0.014925 0.0 0.5 0.0250 0.01187 1.0
0.0 0.223008 0.133929 0.5 0.538462 0.375 0.008772 0.0 1.0 0.014925 1.0 0.5 0.0200 0.00154 0.0
1.0 0.126617 0.433036 0.5 0.538462 0.375 0.117018 0.0 1.0 0.029851 1.0 0.5 0.0900 0.00173 0.0
1.0 0.307068 0.055000 0.5 0.923077 0.375 0.054035 1.0 1.0 0.014925 1.0 0.5 0.2600 0.50000 1.0
1.0 0.319549 0.089286 0.5 0.153846 0.375 0.035088 0.0 0.0 0.000000 1.0 0.5 0.1050 0.00000 0.0
1.0 0.223008 0.129464 0.5 0.384615 0.375 0.008772 0.0 0.0 0.000000 1.0 0.5 0.0500 0.00000 0.0
0.0 0.081504 0.193393 0.5 0.153846 0.875 0.010175 0.0 0.0 0.000000 0.0 0.5 0.0400 0.00484 0.0
1.0 0.142857 0.035714 0.5 0.538462 0.375 0.029298 1.0 0.0 0.000000 0.0 0.0 0.1500 0.00000 1.0
1.0 0.041353 0.004464 0.5 0.538462 0.375 0.005789 0.0 0.0 0.000000 0.0 0.5 0.0660 0.00000 0.0
0.0 0.095188 0.004464 0.5 0.769231 0.375 0.035088 0.0 1.0 0.014925 0.0 0.5 0.1200 0.00768 1.0
1.0 0.129023 0.392857 0.5 0.615385 0.375 0.070175 1.0 1.0 0.014925 0.0 0.5 0.0400 0.00278 1.0
1.0 0.304511 0.181607 0.0 0.153846 0.500 0.038070 0.0 0.0 0.000000 1.0 0.5 0.2400 0.00000 0.0
0.0 0.651579 0.011964 0.5 0.153846 0.500 0.035088 1.0 0.0 0.000000 1.0 0.5 0.1260 0.02197 0.0
1.0 0.037594 0.029821 0.5 0.461538 0.375 0.002982 1.0 0.0 0.000000 0.0 0.0 0.1000 0.00000 0.0
1.0 0.286917 0.089286 0.5 0.923077 0.875 0.096491 1.0 1.0 0.089552 0.0 0.5 0.0800 0.02072 1.0
1.0 0.518797 0.895893 0.5 0.615385 0.375 0.061404 1.0 1.0 0.044776 0.0 0.5 0.0600 0.00014 1.0
1.0 0.307068 0.098214 0.5 0.153846 0.500 0.087719 0.0 0.0 0.000000 1.0 0.5 0.1160 0.00200 0.0
1.0 0.068872 0.043214 0.0 0.692308 0.125 0.000000 0.0 0.0 0.000000 0.0 0.5 0.0500 0.00000 0.0
1.0 0.458647 0.017857 0.5 0.461538 0.375 0.377193 1.0 0.0 0.000000 0.0 0.0 0.2000 0.00000 0.0
1.0 0.378496 0.062500 0.5 0.230769 0.375 0.017544 0.0 0.0 0.000000 1.0 0.5 0.1500 0.00002 0.0
1.0 0.268120 0.026786 0.0 0.384615 0.375 0.122807 0.0 0.0 0.000000 1.0 0.5 0.1600 0.00000 0.0
1.0 0.170376 0.061071 0.5 1.000000 0.375 0.058421 1.0 1.0 0.014925 1.0 0.5 0.1975 0.00020 1.0
1.0 0.776992 0.392857 0.5 0.692308 1.000 0.701754 1.0 1.0 0.104478 1.0 0.5 0.0110 0.00000 1.0
1.0 0.414737 0.000000 0.5 0.538462 0.500 0.526316 1.0 0.0 0.000000 0.0 0.5 0.0000 0.00000 1.0
1.0 0.263158 0.040179 0.5 0.000000 0.000 0.000000 0.0 1.0 0.014925 0.0 0.5 0.0480 0.00019 0.0
0.0 0.345865 0.168214 0.5 0.000000 0.000 0.000000 0.0 0.0 0.000000 0.0 0.5 0.0800 0.00000 0.0
1.0 0.279398 0.267857 0.5 0.692308 0.500 0.055614 1.0 0.0 0.000000 1.0 0.0 0.2100 0.00000 0.0
0.0 0.273233 0.111607 0.5 0.000000 0.000 0.106667 0.0 1.0 0.029851 1.0 0.5 0.1000 0.00004 0.0
1.0 0.166617 0.098214 0.5 0.538462 0.375 0.078947 1.0 1.0 0.089552 0.0 0.5 0.0920 0.00600 1.0
1.0 0.122857 0.019286 0.0 1.000000 0.375 0.001404 1.0 1.0 0.014925 1.0 0.5 0.4200 0.00059 1.0
1.0 0.308271 0.107143 0.5 0.923077 0.875 0.260175 1.0 0.0 0.000000 1.0 0.5 0.0000 0.00000 1.0
1.0 0.572632 0.107143 0.0 0.000000 0.000 0.052632 0.0 0.0 0.000000 0.0 0.5 0.0900 0.00004 0.0
0.0 0.267970 0.053571 0.5 0.000000 0.000 0.000000 0.0 1.0 0.029851 1.0 0.5 0.1000 0.00105 0.0
1.0 0.370977 0.025179 0.5 0.538462 0.375 0.013158 0.0 1.0 0.029851 0.0 0.5 0.1125 0.00500 0.0
1.0 0.382256 0.061071 0.5 1.000000 0.375 0.004386 1.0 1.0 0.074627 1.0 0.5 0.2400 0.00000 1.0
1.0 0.066466 0.087857 0.5 0.538462 0.750 0.033684 0.0 1.0 0.029851 1.0 0.5 0.0800 0.00587 0.0
1.0 0.379699 0.178571 0.5 0.923077 0.375 0.122807 1.0 1.0 0.149254 1.0 0.5 0.0000 0.00000 1.0
1.0 0.093985 0.394464 0.5 0.538462 0.375 0.070175 0.0 0.0 0.000000 1.0 0.5 0.0680 0.00000 0.0
1.0 0.285714 0.083393 0.5 0.076923 0.875 0.201754 0.0 0.0 0.000000 1.0 0.5 0.1460 0.00000 0.0
1.0 0.072632 0.203929 0.5 0.076923 0.375 0.018947 0.0 0.0 0.000000 0.0 0.5 0.0600 0.00000 0.0
0.0 0.031278 0.272321 0.5 0.769231 0.375 0.004386 0.0 1.0 0.014925 1.0 0.5 0.0000 0.00160 0.0
1.0 0.384662 0.209821 0.5 0.923077 0.875 0.350877 1.0 1.0 0.208955 1.0 0.5 0.1995 0.00000 1.0
0.0 0.087669 0.023750 0.5 0.615385 0.375 0.058421 0.0 0.0 0.000000 0.0 0.5 0.1100 0.00005 0.0
1.0 0.113985 0.375000 0.5 0.538462 0.375 0.105263 1.0 0.0 0.000000 1.0 0.5 0.0000 0.00000 1.0
0.0 0.134135 0.026786 0.5 0.538462 0.375 0.070175 0.0 1.0 0.029851 1.0 0.5 0.1000 0.00394 0.0
1.0 0.179248 0.116071 0.5 0.538462 0.875 0.080351 0.0 1.0 0.014925 1.0 0.5 0.2080 0.00021 0.0
1.0 0.110226 0.360179 0.0 0.692308 0.875 0.043860 0.0 0.0 0.000000 0.0 0.5 0.1300 0.00000 0.0
0.0 0.530075 0.053571 0.5 0.307692 0.250 0.000000 1.0 0.0 0.000000 1.0 0.5 0.0500 0.00027 0.0
1.0 0.104060 0.188929 0.5 0.769231 0.375 0.013158 1.0 1.0 0.014925 0.0 0.5 0.0800 0.00000 0.0
0.0 0.089023 0.007500 0.5 0.769231 0.875 0.010175 1.0 1.0 0.164179 0.0 0.5 0.0400 0.00099 1.0
1.0 0.121504 0.008929 0.5 0.076923 0.875 0.023333 1.0 0.0 0.000000 1.0 0.5 0.0000 0.00000 1.0
1.0 0.196692 0.019286 0.5 0.230769 0.000 0.000000 0.0 0.0 0.000000 0.0 0.5 0.0500 0.00000 0.0
0.0 0.373383 0.178571 0.5 0.923077 0.375 0.473684 1.0 0.0 0.000000 1.0 0.5 0.4900 0.00000 0.0
0.0 0.546316 0.447857 0.5 0.384615 0.375 0.080351 1.0 1.0 0.044776 1.0 0.5 0.0780 0.00000 1.0
0.0 0.030075 0.013393 0.5 0.538462 0.375 0.035088 0.0 0.0 0.000000 0.0 0.5 0.0600 0.00018 0.0
0.0 0.161654 0.455357 0.5 0.538462 0.500 0.166667 1.0 1.0 0.029851 0.0 0.5 0.0365 0.00444 1.0
1.0 0.109023 0.171071 0.0 0.615385 0.375 0.078947 1.0 1.0 0.014925 1.0 0.5 0.0400 0.00300 1.0
1.0 0.125263 0.392857 0.5 0.923077 0.375 0.023333 1.0 0.0 0.000000 0.0 0.5 0.0500 0.00000 1.0
1.0 0.613985 0.336250 0.5 0.000000 0.000 0.505789 1.0 1.0 0.164179 1.0 0.5 0.0150 0.00300 1.0
1.0 0.065113 0.196429 0.5 0.230769 0.375 0.017544 1.0 0.0 0.000000 0.0 0.5 0.0400 0.00000 1.0
1.0 0.344662 0.157679 0.0 0.230769 0.375 0.008772 1.0 1.0 0.149254 1.0 0.5 0.1600 0.00000 1.0
1.0 0.367218 0.361607 0.5 1.000000 0.375 0.087719 1.0 1.0 0.089552 0.0 0.5 0.2600 0.00196 1.0
1.0 0.121504 0.055000 0.5 0.230769 0.375 0.002982 0.0 0.0 0.000000 1.0 0.5 0.1780 0.00000 0.0
0.0 0.573985 0.232143 0.5 0.153846 0.500 0.108246 0.0 0.0 0.000000 1.0 0.5 0.0365 0.00000 0.0
1.0 0.126617 0.080357 0.5 0.153846 0.375 0.004386 0.0 0.0 0.000000 0.0 0.5 0.0800 0.00010 0.0
1.0 0.581504 0.053571 0.5 0.076923 0.375 0.131579 0.0 0.0 0.000000 1.0 0.5 0.0000 0.00350 0.0
0.0 0.709323 0.178571 0.5 0.384615 0.375 0.140351 1.0 1.0 0.059701 0.0 0.5 0.0000 0.00099 1.0
1.0 0.096541 0.200893 0.5 0.615385 0.375 0.060000 1.0 0.0 0.000000 0.0 0.0 0.0600 0.00000 1.0
1.0 0.142857 0.142857 0.5 0.538462 0.500 0.008772 1.0 0.0 0.000000 1.0 0.5 0.0800 0.00000 1.0
1.0 0.337143 0.015000 0.0 0.615385 0.375 0.010175 0.0 0.0 0.000000 1.0 0.5 0.1545 0.00002 0.0
0.0 0.428571 0.062500 0.0 0.538462 0.375 0.000000 0.0 0.0 0.000000 1.0 0.5 0.0750 0.00001 0.0
1.0 0.147820 0.029821 0.5 0.153846 0.875 0.002982 0.0 0.0 0.000000 1.0 0.5 0.1100 0.00005 0.0
0.0 0.334586 0.035714 0.5 0.538462 0.375 0.070175 1.0 1.0 0.164179 0.0 0.5 0.0000 0.00456 1.0
1.0 0.388421 0.178571 0.5 0.000000 0.000 0.000000 0.0 1.0 0.029851 0.0 0.5 0.0085 0.00001 0.0
0.0 0.076391 0.157679 0.0 0.538462 0.875 0.105263 1.0 0.0 0.000000 0.0 0.5 0.1200 0.00000 1.0
1.0 0.203008 0.022321 0.5 0.384615 0.375 0.015965 1.0 0.0 0.000000 1.0 0.5 0.1000 0.00000 0.0
1.0 0.280752 0.107143 0.5 0.076923 0.375 0.005789 0.0 0.0 0.000000 1.0 0.5 0.0600 0.00000 0.0
1.0 0.085263 0.053571 0.0 0.923077 0.375 0.070175 1.0 0.0 0.000000 1.0 0.5 0.0500 0.00020 0.0
0.0 0.132782 0.383929 0.5 0.769231 0.375 0.014561 1.0 1.0 0.074627 1.0 0.5 0.0000 0.00560 1.0
1.0 0.393534 0.221786 0.5 0.769231 0.375 0.001404 1.0 1.0 0.014925 0.0 0.5 0.1000 0.00300 1.0
1.0 0.134135 0.005893 0.5 0.538462 0.250 0.078947 0.0 0.0 0.000000 1.0 0.0 0.0000 0.00000 1.0
0.0 0.145414 0.028214 0.0 0.769231 0.375 0.052632 1.0 1.0 0.029851 1.0 0.5 0.0400 0.00400 1.0
0.0 0.244361 0.188929 0.5 0.692308 0.125 0.078947 1.0 1.0 0.074627 1.0 0.5 0.0495 0.00500 1.0
0.0 0.399699 0.269286 0.0 0.769231 0.875 0.280702 1.0 1.0 0.208955 0.0 0.5 0.0000 0.02300 1.0
0.0 0.345865 0.183036 0.5 0.692308 0.375 0.175439 1.0 0.0 0.000000 1.0 0.5 0.0000 0.04000 1.0
1.0 0.259398 0.074464 0.5 0.538462 0.375 0.002982 0.0 0.0 0.000000 0.0 0.5 0.1500 0.00000 0.0
0.0 0.171729 0.102679 0.5 1.000000 0.875 0.030702 1.0 0.0 0.000000 0.0 0.5 0.1800 0.00000 1.0
1.0 0.205564 0.446429 0.5 0.384615 0.500 0.008772 0.0 0.0 0.000000 1.0 0.5 0.3600 0.00000 0.0
1.0 0.267970 0.142857 0.5 1.000000 0.375 0.175439 1.0 1.0 0.044776 1.0 0.5 0.1450 0.02279 1.0
1.0 0.305714 0.232143 0.5 0.384615 0.375 0.004386 1.0 0.0 0.000000 1.0 0.5 0.2215 0.00000 0.0
1.0 0.125263 0.083393 0.5 0.230769 0.375 0.026316 0.0 0.0 0.000000 0.0 0.5 0.0900 0.00000 0.0
1.0 0.260602 0.110179 0.5 0.538462 0.375 0.087719 0.0 1.0 0.029851 1.0 0.5 0.0800 0.00041 0.0
1.0 0.267970 0.017857 0.5 0.538462 0.500 0.029298 1.0 0.0 0.000000 1.0 0.0 0.1600 0.00000 0.0
1.0 0.033835 0.111607 0.5 0.615385 0.375 0.002982 0.0 1.0 0.014925 0.0 0.5 0.0000 0.00006 0.0
1.0 0.203008 0.059464 0.5 0.923077 0.875 0.178421 1.0 1.0 0.134328 0.0 0.5 0.1995 0.00827 1.0
1.0 0.171729 0.107143 0.5 0.538462 0.375 0.043860 0.0 1.0 0.014925 0.0 0.5 0.0000 0.00022 0.0
1.0 0.812030 0.196429 0.5 0.692308 1.000 0.456140 1.0 1.0 0.014925 1.0 0.5 0.0000 0.00000 1.0
0.0 0.076391 0.339286 0.5 0.615385 0.375 0.057018 1.0 1.0 0.089552 1.0 0.5 0.0200 0.00600 1.0
0.0 0.203008 0.010357 0.5 0.461538 0.875 0.004386 0.0 1.0 0.014925 1.0 0.5 0.1360 0.00108 0.0
0.0 0.087669 0.023750 0.0 0.538462 0.375 0.035088 0.0 1.0 0.014925 0.0 0.5 1.0000 0.00002 0.0
1.0 0.255639 0.056607 0.5 0.076923 0.375 0.020526 0.0 0.0 0.000000 1.0 0.0 0.0000 0.00000 0.0
0.0 0.548872 0.029821 0.5 0.384615 0.375 0.017544 0.0 0.0 0.000000 1.0 0.5 0.1200 0.00117 0.0
1.0 0.260602 0.053571 0.0 0.615385 0.375 0.001404 0.0 0.0 0.000000 0.0 0.0 0.0800 0.00000 0.0
1.0 0.568872 0.535714 0.5 0.538462 0.375 0.298246 1.0 1.0 0.134328 0.0 0.5 0.0000 0.00000 1.0
0.0 0.343308 0.010357 0.5 0.000000 0.000 0.000000 0.0 1.0 0.149254 0.0 0.5 0.1000 0.00018 0.0
1.0 0.298195 0.098214 0.5 0.461538 0.375 0.149123 1.0 1.0 0.089552 0.0 0.5 0.1020 0.00000 1.0
0.0 0.106466 0.107143 0.5 0.384615 0.375 0.001404 1.0 0.0 0.000000 0.0 0.5 0.0500 0.00000 1.0
1.0 0.337143 0.647321 0.5 0.615385 0.375 0.002982 0.0 0.0 0.000000 0.0 0.5 0.1600 0.03552 0.0
1.0 0.556391 0.020893 0.5 0.000000 0.000 0.000000 0.0 0.0 0.000000 0.0 0.5 0.0725 0.00000 0.0
0.0 0.147820 0.029643 0.5 0.769231 0.375 0.014561 0.0 1.0 0.014925 1.0 0.5 0.1000 0.00011 0.0
1.0 0.322105 0.160714 0.5 1.000000 0.875 0.201754 0.0 0.0 0.000000 1.0 0.0 0.3555 0.00000 1.0
0.0 0.671729 0.750000 0.5 0.153846 0.500 0.350877 1.0 1.0 0.194030 0.0 0.5 0.0000 0.06700 1.0
1.0 0.218045 0.031250 0.5 0.461538 0.375 0.033684 1.0 1.0 0.044776 1.0 0.5 0.1980 0.00000 1.0
1.0 0.267970 0.022321 0.5 0.230769 0.375 0.008772 0.0 0.0 0.000000 0.0 0.5 0.1900 0.02010 0.0
0.0 0.270677 0.107143 0.0 0.307692 0.250 0.000000 0.0 0.0 0.000000 0.0 0.5 0.0800 0.00020 0.0
1.0 0.085263 0.232143 0.5 0.615385 0.875 0.051228 1.0 1.0 0.104478 0.0 0.5 0.0400 0.02954 1.0
1.0 0.380902 0.214286 0.5 0.461538 0.375 0.045263 1.0 1.0 0.074627 1.0 0.5 0.0540 0.01097 1.0
1.0 0.050075 0.117500 0.5 0.153846 0.375 0.011754 0.0 0.0 0.000000 1.0 0.5 0.0700 0.00002 0.0
1.0 0.467368 0.250000 0.0 0.538462 0.375 0.057018 0.0 0.0 0.000000 0.0 0.5 0.0800 0.00002 0.0
1.0 0.037594 0.000000 0.0 0.384615 0.375 0.008772 0.0 0.0 0.000000 0.0 0.5 0.0300 0.00000 0.0
0.0 0.412331 0.232143 0.5 0.769231 0.375 0.017544 1.0 1.0 0.044776 1.0 0.5 0.0725 0.00000 1.0
1.0 0.228120 0.535714 0.5 0.538462 0.875 0.187193 1.0 1.0 0.164179 0.0 0.5 0.0000 0.02283 1.0
0.0 0.186767 0.071429 0.5 0.307692 0.250 0.000000 0.0 0.0 0.000000 1.0 0.5 0.1380 0.00001 0.0
1.0 0.373383 0.119107 0.5 0.615385 0.375 0.140351 1.0 1.0 0.208955 0.0 0.5 0.1915 0.01344 1.0
1.0 0.171729 0.214286 0.5 0.538462 0.375 0.035088 1.0 1.0 0.044776 0.0 0.5 0.0000 0.00000 1.0
0.0 0.216842 0.013393 0.5 0.769231 0.375 0.020526 1.0 1.0 0.059701 0.0 0.5 0.0400 0.00000 1.0
1.0 0.897293 0.633929 0.5 0.000000 0.000 0.000000 1.0 0.0 0.000000 1.0 0.5 0.0000 0.00000 1.0
1.0 0.131579 0.410714 0.0 0.461538 0.375 0.052632 0.0 0.0 0.000000 1.0 0.5 0.0000 0.04000 0.0
0.0 0.201805 0.044643 0.5 0.000000 0.000 0.000000 0.0 1.0 0.014925 0.0 0.5 0.0460 0.00300 0.0
0.0 0.081504 0.306607 0.5 0.923077 0.875 0.026316 1.0 1.0 0.104478 0.0 0.5 0.0480 0.00000 1.0
0.0 0.177895 0.000000 0.5 0.538462 0.375 0.000000 0.0 0.0 0.000000 0.0 1.0 0.0920 0.00000 1.0
1.0 0.267970 0.001429 0.0 0.076923 0.375 0.149123 0.0 0.0 0.000000 1.0 0.5 0.2300 0.00000 0.0
0.0 0.131579 0.303571 0.5 0.769231 0.375 0.061404 1.0 1.0 0.149254 0.0 0.5 0.0400 0.00990 0.0
0.0 0.137895 0.044643 0.5 0.769231 0.375 0.008772 0.0 0.0 0.000000 1.0 0.5 0.0600 0.00809 0.0
1.0 0.142857 0.450893 0.5 0.538462 0.375 0.004386 0.0 1.0 0.029851 0.0 0.5 0.0000 0.05552 0.0
0.0 0.236842 0.038750 0.0 1.000000 0.375 0.035088 0.0 0.0 0.000000 0.0 0.5 0.1400 0.00013 0.0
0.0 0.274436 0.214286 0.5 0.076923 0.375 0.043860 0.0 0.0 0.000000 0.0 0.5 0.1360 0.00000 0.0
1.0 0.199248 0.053571 0.0 0.615385 0.375 0.013158 1.0 0.0 0.000000 1.0 0.5 0.1300 0.01065 1.0
1.0 0.083910 0.389821 0.5 0.538462 0.500 0.020526 0.0 1.0 0.029851 1.0 0.5 0.1000 0.00007 0.0
1.0 0.330827 0.086250 0.5 0.615385 0.375 0.004386 0.0 1.0 0.029851 0.0 0.5 0.1100 0.00001 0.0
1.0 0.076391 0.000000 0.5 0.769231 0.375 0.023333 0.0 0.0 0.000000 0.0 0.5 0.0800 0.00001 0.0
0.0 0.225564 0.133929 0.5 0.538462 0.375 0.038070 1.0 1.0 0.014925 1.0 0.5 0.1855 0.00000 1.0
1.0 0.310827 0.151786 0.5 0.153846 0.500 0.114035 1.0 1.0 0.029851 0.0 0.5 0.1370 0.00610 1.0
0.0 0.293233 0.107143 0.0 0.384615 0.375 0.070175 0.0 0.0 0.000000 0.0 0.5 0.0900 0.00000 0.0
1.0 0.604060 0.343750 0.5 0.692308 0.375 0.304035 1.0 1.0 0.074627 0.0 0.5 0.0000 0.00000 1.0
1.0 0.172932 0.035714 0.5 0.384615 0.375 0.017544 0.0 0.0 0.000000 0.0 0.5 0.1000 0.00000 0.0
1.0 0.280752 0.077321 0.0 0.230769 0.000 0.000000 0.0 0.0 0.000000 0.0 0.5 0.0600 0.00000 0.0
0.0 0.110226 0.178571 0.0 0.000000 0.000 0.000000 0.0 0.0 0.000000 0.0 0.5 0.0000 0.00000 0.0
0.0 0.642857 0.571429 0.5 0.307692 0.000 0.000000 1.0 1.0 0.223881 0.0 0.5 0.0000 0.00247 1.0
1.0 0.278195 0.005893 0.0 0.538462 0.875 0.114035 1.0 1.0 0.014925 1.0 0.5 0.2160 0.08000 1.0
0.0 0.101504 0.422679 0.5 0.538462 0.875 0.210526 1.0 0.0 0.000000 0.0 0.5 0.1700 0.00000 1.0
0.0 0.248120 0.196429 0.5 0.230769 0.375 0.192982 0.0 0.0 0.000000 1.0 0.0 0.0500 0.00000 0.0
0.0 0.162857 0.023929 0.5 0.384615 0.875 0.061404 1.0 0.0 0.000000 0.0 0.5 0.2000 0.00000 0.0
1.0 0.141654 0.397321 0.5 1.000000 0.875 0.016140 1.0 1.0 0.014925 0.0 0.5 0.0500 0.00000 1.0
0.0 0.267970 0.401786 0.5 0.000000 0.000 0.000000 0.0 0.0 0.000000 0.0 0.5 0.0920 0.05200 0.0
0.0 0.279398 0.019286 0.5 0.923077 0.375 0.001404 1.0 0.0 0.000000 0.0 0.5 0.2200 0.11177 1.0
1.0 0.152932 0.053571 0.5 0.076923 0.875 0.065789 1.0 1.0 0.089552 0.0 0.5 0.1000 0.00327 1.0
1.0 0.345865 0.004464 0.0 0.538462 0.375 0.052632 0.0 0.0 0.000000 1.0 0.5 0.1160 0.00113 1.0
1.0 0.241805 0.044643 0.0 0.230769 0.375 0.008772 0.0 0.0 0.000000 0.0 0.5 0.1120 0.00000 0.0
0.0 0.155338 0.017857 0.5 0.769231 0.875 0.043860 1.0 1.0 0.014925 0.0 0.5 0.0000 0.00678 1.0
1.0 0.111579 0.008929 0.0 0.538462 0.875 0.008772 0.0 0.0 0.000000 0.0 0.5 0.1400 0.00204 0.0
1.0 0.265714 0.553571 0.5 0.538462 0.375 0.017544 1.0 0.0 0.000000 0.0 0.5 0.0600 0.00000 0.0
1.0 0.136541 0.107143 0.5 0.461538 0.375 0.045263 1.0 1.0 0.014925 0.0 0.5 0.1300 0.00800 1.0
1.0 0.357143 0.062500 0.0 0.538462 0.500 0.008772 1.0 0.0 0.000000 1.0 0.5 0.0820 0.00400 0.0
0.0 0.166617 0.160714 0.5 0.615385 0.375 0.035088 0.0 0.0 0.000000 1.0 0.5 0.1800 0.00006 0.0
1.0 0.339549 0.135357 0.5 0.615385 0.375 0.040877 1.0 0.0 0.000000 1.0 0.5 0.1000 0.00000 0.0
0.0 0.503759 0.026786 0.5 0.769231 0.875 0.096491 1.0 1.0 0.014925 0.0 0.5 0.1665 0.00892 1.0
1.0 0.275639 0.142857 0.0 0.923077 0.375 0.052632 0.0 0.0 0.000000 1.0 0.5 0.0600 0.00000 0.0
0.0 0.253083 0.380893 0.5 0.769231 0.875 0.002982 0.0 1.0 0.179104 1.0 0.5 0.0645 0.00003 0.0
1.0 0.211729 0.055000 0.5 0.615385 0.375 0.131579 1.0 1.0 0.074627 1.0 0.5 0.0500 0.00003 1.0
1.0 0.617744 0.553571 0.5 0.692308 1.000 0.000000 1.0 1.0 0.298507 0.0 0.5 0.0760 0.00130 0.0
1.0 0.035038 0.026786 0.5 0.538462 0.375 0.061404 1.0 1.0 0.074627 1.0 0.5 0.1760 0.00690 1.0
1.0 0.162857 0.446429 0.5 0.615385 0.375 0.030702 1.0 0.0 0.000000 1.0 0.5 0.1300 0.00000 0.0
1.0 0.284511 0.196429 0.5 0.769231 0.875 0.192982 1.0 1.0 0.179104 1.0 0.5 0.2040 0.01000 1.0
1.0 0.246917 0.017857 0.5 0.538462 0.375 0.061404 1.0 1.0 0.164179 0.0 0.5 0.0160 0.00540 1.0
1.0 0.127820 0.016429 0.5 0.230769 0.375 0.004386 0.0 0.0 0.000000 1.0 0.5 0.1400 0.00055 0.0
1.0 0.421053 0.034286 0.5 1.000000 0.375 0.087719 1.0 0.0 0.000000 0.0 0.5 0.2550 0.00600 1.0
1.0 0.344662 0.071429 0.5 0.153846 0.375 0.008772 0.0 0.0 0.000000 1.0 0.5 0.1105 0.00000 0.0
1.0 0.181654 0.458393 0.5 0.923077 0.375 0.017544 0.0 0.0 0.000000 0.0 0.5 0.0000 0.00002 0.0
1.0 0.243158 0.065536 0.5 0.538462 0.875 0.152105 1.0 0.0 0.000000 0.0 0.5 0.1300 0.00200 1.0
1.0 0.095188 0.008929 0.5 0.769231 0.375 0.004386 0.0 0.0 0.000000 0.0 0.5 0.1000 0.00000 0.0
1.0 0.089023 0.013393 0.5 0.769231 0.375 0.070175 1.0 1.0 0.029851 1.0 0.5 0.0400 0.00000 1.0
1.0 0.566466 0.001429 0.5 1.000000 0.875 0.001404 1.0 0.0 0.000000 0.0 0.5 0.0000 0.03000 1.0
1.0 0.736842 0.250000 0.5 0.692308 1.000 0.000000 0.0 0.0 0.000000 0.0 0.5 0.0000 0.00012 0.0
1.0 0.403459 0.117500 0.5 0.461538 0.375 0.122807 0.0 0.0 0.000000 1.0 0.0 0.2000 0.00000 0.0
0.0 0.038797 0.007500 0.5 0.384615 0.375 0.004386 0.0 0.0 0.000000 0.0 0.5 0.1000 0.00001 0.0
1.0 0.236842 0.020714 0.5 0.615385 0.375 0.010175 0.0 1.0 0.014925 0.0 0.5 0.1700 0.02803 0.0
1.0 0.304511 0.160714 0.5 0.384615 0.375 0.035088 1.0 0.0 0.000000 1.0 0.5 0.1200 0.00000 0.0
0.0 0.869624 0.000000 0.5 0.538462 0.375 0.000000 0.0 0.0 0.000000 0.0 1.0 0.0920 0.00000 1.0
1.0 0.424812 0.007321 0.5 0.153846 0.875 0.179825 1.0 0.0 0.000000 0.0 0.5 0.2000 0.00000 1.0
0.0 0.131579 0.392857 0.0 0.769231 0.375 0.105263 1.0 0.0 0.000000 1.0 0.5 0.1340 0.00000 0.0
1.0 0.160451 0.071429 0.5 0.692308 0.125 0.005789 0.0 1.0 0.029851 0.0 0.5 0.1600 0.01300 0.0
1.0 0.459850 0.017857 0.5 0.153846 0.875 0.175439 1.0 0.0 0.000000 1.0 0.5 0.1600 0.00000 1.0
0.0 0.139098 0.419643 0.5 1.000000 0.875 0.017544 1.0 1.0 0.029851 1.0 0.5 0.1500 0.00551 1.0
1.0 0.310827 0.047679 0.5 0.153846 0.500 0.004386 0.0 0.0 0.000000 1.0 0.5 0.2200 0.04500 0.0
1.0 0.140301 0.410714 0.5 0.153846 0.375 0.122807 1.0 1.0 0.134328 0.0 0.5 0.0280 0.00742 1.0
1.0 0.183008 0.031250 0.5 0.230769 0.375 0.013158 0.0 1.0 0.029851 1.0 0.5 0.0870 0.00003 0.0
0.0 0.057594 0.321429 0.5 0.384615 0.375 0.048246 1.0 0.0 0.000000 1.0 0.5 0.0000 0.00000 1.0
1.0 0.100301 0.038750 0.5 0.769231 0.375 0.052632 0.0 0.0 0.000000 0.0 0.5 0.0540 0.00007 0.0
1.0 0.269474 0.577321 0.5 0.076923 0.375 0.105263 1.0 1.0 0.134328 0.0 0.5 0.1250 0.00730 1.0
0.0 0.659098 0.071429 0.5 0.000000 0.000 0.228070 0.0 1.0 0.014925 0.0 0.5 0.0000 0.00010 0.0
1.0 0.690526 0.055000 0.5 0.769231 0.375 0.004386 1.0 0.0 0.000000 1.0 0.5 0.1300 0.00000 1.0
0.0 0.773233 0.500000 0.5 0.000000 0.000 0.000000 1.0 1.0 0.164179 1.0 0.5 0.0000 0.01400 1.0
1.0 0.245564 0.037143 0.0 0.153846 0.500 0.017544 1.0 1.0 0.149254 1.0 0.5 0.0660 0.00028 0.0
1.0 0.523759 0.232143 0.5 0.769231 0.875 0.210526 1.0 0.0 0.000000 1.0 0.5 0.1750 0.00000 1.0
0.0 0.147820 0.410714 0.0 0.230769 0.875 0.105263 0.0 0.0 0.000000 1.0 0.5 0.0100 0.00016 0.0
1.0 0.096541 0.330357 0.5 0.538462 0.375 0.058421 1.0 1.0 0.044776 1.0 0.5 0.0200 0.00028 1.0
1.0 0.517594 0.272321 0.5 0.615385 0.875 0.543860 1.0 1.0 0.179104 0.0 0.5 0.0000 0.00790 1.0
1.0 0.142857 0.053571 0.5 0.769231 0.375 0.083333 1.0 1.0 0.044776 1.0 0.5 0.0000 0.00582 1.0
1.0 0.278195 0.500000 0.0 0.000000 0.000 0.000000 0.0 1.0 0.029851 0.0 0.5 0.0800 0.00001 0.0
1.0 0.298195 0.011964 0.0 0.923077 0.375 0.002982 0.0 0.0 0.000000 0.0 0.5 0.0900 0.00000 0.0
1.0 0.147820 0.016429 0.0 0.615385 0.375 0.092105 1.0 1.0 0.089552 1.0 0.5 0.1040 0.00347 0.0
1.0 0.047669 0.011964 0.0 0.230769 0.375 0.010175 0.0 0.0 0.000000 0.0 0.0 0.1000 0.00000 0.0
0.0 0.106466 0.303571 0.5 0.538462 0.375 0.005789 0.0 0.0 0.000000 0.0 0.5 0.0000 0.00351 0.0
0.0 0.704211 0.589286 0.5 0.769231 0.375 0.385965 1.0 0.0 0.000000 1.0 0.5 0.0105 0.10561 1.0
1.0 0.267970 0.178571 0.0 0.384615 0.375 0.298246 1.0 0.0 0.000000 0.0 0.5 0.0000 0.00000 0.0
0.0 0.169173 0.440357 0.5 0.923077 0.875 0.122807 1.0 1.0 0.089552 0.0 0.5 0.2000 0.00458 1.0
1.0 0.116541 0.348214 0.5 0.538462 0.375 0.008772 1.0 0.0 0.000000 0.0 0.5 0.0700 0.00000 0.0
1.0 0.100301 0.000000 0.5 0.538462 0.375 0.000000 0.0 0.0 0.000000 0.0 1.0 0.0920 0.00000 0.0
0.0 0.172932 0.482143 0.0 0.000000 0.000 0.070175 0.0 1.0 0.014925 1.0 0.5 0.1000 0.00001 0.0
1.0 0.437293 0.165179 0.5 0.769231 0.375 0.160702 1.0 0.0 0.000000 0.0 0.0 0.0000 0.00000 1.0
1.0 0.194286 0.062500 0.0 0.538462 0.375 0.035088 1.0 1.0 0.074627 1.0 0.5 0.0800 0.05777 1.0
1.0 0.662857 0.251429 0.5 0.461538 0.375 0.491228 1.0 1.0 0.089552 1.0 0.5 0.1800 0.01332 1.0
1.0 0.634135 0.410714 0.5 0.000000 0.000 0.175439 1.0 1.0 0.074627 0.0 0.5 0.0000 0.08851 1.0
1.0 0.565113 0.357143 0.5 0.153846 0.500 0.000000 1.0 1.0 0.164179 0.0 0.5 0.0000 0.01249 1.0
1.0 0.392180 0.017857 0.5 0.461538 0.375 0.008772 1.0 0.0 0.000000 0.0 0.0 0.1440 0.00000 0.0
1.0 0.207970 0.072857 0.0 0.384615 0.375 0.070175 1.0 1.0 0.044776 1.0 0.5 0.1850 0.00560 1.0
1.0 0.246917 0.232143 0.5 0.923077 0.375 0.109649 1.0 1.0 0.119403 0.0 0.5 0.1650 0.01200 1.0
1.0 0.572632 0.072857 0.0 0.000000 0.000 0.052632 0.0 0.0 0.000000 0.0 0.5 0.0600 0.00001 0.0
0.0 0.169173 0.392857 0.0 0.384615 0.375 0.157895 1.0 0.0 0.000000 0.0 0.5 0.0600 0.00000 0.0
1.0 0.239398 0.026786 0.0 0.538462 0.375 0.001404 0.0 0.0 0.000000 0.0 0.5 0.1200 0.00000 0.0
0.0 0.299549 0.013393 0.5 0.923077 0.375 0.013158 0.0 0.0 0.000000 0.0 0.5 0.1500 0.00044 1.0
1.0 0.180451 0.026786 0.5 0.538462 0.500 0.008772 1.0 0.0 0.000000 0.0 0.5 0.1745 0.00023 1.0
0.0 0.224361 0.037143 0.5 0.538462 0.375 0.087719 1.0 1.0 0.074627 1.0 0.5 0.1500 0.01430 1.0
0.0 0.065113 0.013393 1.0 0.923077 0.000 0.350877 0.0 0.0 0.000000 1.0 0.0 0.1500 0.00000 1.0
1.0 0.100301 0.250000 0.5 0.538462 0.375 0.057018 1.0 1.0 0.044776 0.0 0.5 0.1000 0.01391 1.0
1.0 0.056391 0.785714 1.0 0.000000 0.750 0.000000 0.0 0.0 0.000000 1.0 1.0 0.2250 1.00000 1.0
1.0 0.065113 0.241071 0.0 0.461538 0.375 0.001404 0.0 0.0 0.000000 0.0 0.5 0.0700 0.00000 0.0
1.0 0.510075 0.089286 0.5 0.461538 0.500 0.087719 1.0 1.0 0.179104 1.0 0.5 0.2050 0.02510 1.0
1.0 0.656692 0.303571 0.5 0.692308 0.875 0.245614 1.0 1.0 0.044776 0.0 0.5 0.0000 0.00000 1.0
1.0 0.000000 0.142857 0.0 0.615385 0.375 0.061404 1.0 1.0 0.029851 1.0 0.5 0.0600 0.01000 1.0
1.0 0.083910 0.339286 0.5 0.769231 0.375 0.035088 1.0 0.0 0.000000 1.0 0.5 0.0300 0.00400 1.0
0.0 0.122857 0.416607 0.5 0.230769 0.875 0.002982 0.0 0.0 0.000000 0.0 0.5 0.1600 0.00005 0.0
1.0 0.057594 0.357143 0.5 0.615385 0.875 0.005789 0.0 1.0 0.014925 0.0 0.5 0.0600 0.00001 0.0
1.0 0.316992 0.089286 0.0 0.615385 0.375 0.105263 0.0 0.0 0.000000 0.0 0.0 0.1000 0.00000 0.0
1.0 0.231880 0.125000 0.5 0.615385 0.375 0.122807 1.0 1.0 0.044776 1.0 0.5 0.1645 0.00000 0.0
1.0 0.115338 0.026786 0.0 0.846154 0.750 0.026316 0.0 0.0 0.000000 1.0 0.5 0.0660 0.00002 0.0
1.0 0.066466 0.366071 0.5 0.538462 0.875 0.038070 0.0 0.0 0.000000 0.0 0.5 0.1600 0.00013 0.0
1.0 0.214286 0.107143 0.5 0.615385 0.375 0.026316 0.0 0.0 0.000000 1.0 0.5 0.1500 0.00067 0.0
0.0 0.482406 0.375000 0.5 0.769231 0.375 0.175439 1.0 1.0 0.104478 1.0 0.5 0.0000 0.00000 1.0
1.0 0.135338 0.410714 0.5 0.153846 0.375 0.014561 0.0 0.0 0.000000 0.0 0.5 0.0000 0.00000 0.0
0.0 0.267970 0.125000 0.5 0.076923 0.375 0.105263 1.0 0.0 0.000000 1.0 0.5 0.1500 0.00000 0.0
0.0 0.100301 0.267857 0.5 0.230769 0.375 0.052632 1.0 1.0 0.014925 0.0 0.5 0.0800 0.00234 1.0
0.0 0.112782 0.083393 0.5 0.153846 0.500 0.017544 1.0 1.0 0.059701 0.0 0.0 0.0400 0.00000 1.0
1.0 0.194286 0.151786 0.5 0.923077 0.375 0.150526 1.0 1.0 0.014925 1.0 0.5 0.0600 0.00000 1.0
0.0 0.204211 0.059464 0.5 0.000000 0.000 0.000000 0.0 0.0 0.000000 0.0 0.5 0.1700 0.00001 0.0
1.0 0.426015 0.037143 0.5 0.615385 0.375 0.175439 1.0 1.0 0.089552 1.0 0.5 0.2500 0.10000 1.0
0.0 0.067669 0.357143 0.5 0.615385 0.375 0.035088 0.0 1.0 0.014925 0.0 0.5 0.0600 0.00001 0.0
0.0 0.221805 0.035714 0.5 0.769231 0.375 0.035088 1.0 1.0 0.029851 1.0 0.5 0.0835 0.00500 0.0
0.0 0.116541 0.214286 0.5 0.384615 0.375 0.087719 1.0 1.0 0.044776 0.0 0.5 0.0400 0.00918 1.0
1.0 0.121504 0.392857 0.5 1.000000 0.375 0.010175 1.0 1.0 0.089552 0.0 0.5 0.0605 0.00000 1.0
1.0 0.122857 0.017857 0.5 0.538462 0.375 0.004386 0.0 0.0 0.000000 0.0 0.5 0.1800 0.00000 0.0
1.0 0.284511 0.321429 0.0 0.615385 0.875 0.184211 1.0 0.0 0.000000 1.0 0.5 0.0770 0.00000 1.0
0.0 0.474887 0.035714 0.5 0.769231 0.375 0.004386 0.0 0.0 0.000000 1.0 0.5 0.1315 0.00000 0.0
0.0 0.147820 0.020893 0.0 0.000000 0.000 0.004386 0.0 0.0 0.000000 0.0 0.5 0.0600 0.00087 0.0
0.0 0.062707 0.019286 0.5 0.538462 0.375 0.061404 0.0 1.0 0.014925 1.0 0.5 0.0400 0.00005 0.0
1.0 0.289474 0.089286 0.0 0.615385 0.375 0.245614 0.0 0.0 0.000000 1.0 0.5 0.1400 0.00000 0.0
0.0 0.134135 0.011964 0.5 0.769231 0.375 0.026316 0.0 0.0 0.000000 0.0 0.0 0.0800 0.00000 0.0
1.0 0.314586 0.038571 0.5 0.461538 0.375 0.040877 0.0 0.0 0.000000 0.0 0.0 0.0140 0.00000 0.0
1.0 0.239398 0.050536 0.5 0.615385 0.875 0.026316 1.0 1.0 0.014925 0.0 0.5 0.1200 0.00100 1.0
1.0 0.271880 0.089286 0.5 0.384615 0.375 0.263158 1.0 0.0 0.000000 1.0 0.5 0.2615 0.00000 0.0
0.0 0.104060 0.065536 0.5 0.769231 0.375 0.073158 1.0 1.0 0.074627 0.0 0.5 0.1100 0.02503 1.0
1.0 0.300752 0.098214 0.5 0.153846 0.500 0.000000 0.0 0.0 0.000000 0.0 0.5 0.0900 0.00000 0.0
1.0 0.125263 0.029643 0.5 0.538462 0.875 0.075965 0.0 0.0 0.000000 1.0 0.5 0.0640 0.00000 1.0
0.0 0.325865 0.428571 0.5 0.769231 0.875 0.491228 1.0 1.0 0.119403 0.0 0.5 0.0000 0.06590 1.0
1.0 0.273233 0.159286 0.5 0.923077 0.875 0.211930 1.0 1.0 0.044776 0.0 0.5 0.1555 0.00300 1.0
0.0 0.134135 0.028214 0.5 0.153846 0.375 0.002982 0.0 0.0 0.000000 0.0 0.5 0.0720 0.00000 0.0
1.0 0.194286 0.520893 0.5 0.153846 0.500 0.000000 0.0 0.0 0.000000 1.0 0.5 0.0890 0.00000 0.0
1.0 0.454887 0.071429 0.5 0.461538 0.375 0.061404 1.0 1.0 0.029851 1.0 0.5 0.0000 0.00015 1.0
1.0 0.246917 0.038750 0.0 0.538462 0.375 0.001404 0.0 0.0 0.000000 0.0 0.5 0.0850 0.00179 0.0
1.0 0.360902 0.250000 0.5 0.769231 0.875 0.403509 1.0 1.0 0.104478 1.0 0.5 0.1500 0.00005 0.0
1.0 0.050075 0.003036 0.0 0.538462 0.375 0.001404 0.0 0.0 0.000000 0.0 0.5 0.0700 0.00722 0.0
1.0 0.532632 0.081786 0.5 0.000000 0.000 0.010175 0.0 0.0 0.000000 0.0 0.5 0.1000 0.00003 0.0
1.0 0.137895 0.006071 0.5 0.461538 0.375 0.002982 0.0 0.0 0.000000 0.0 0.0 0.0000 0.00000 0.0
0.0 0.316992 0.044643 0.0 0.153846 0.875 0.017544 0.0 0.0 0.000000 1.0 0.5 0.0800 0.00000 0.0
1.0 0.458647 0.392857 0.0 0.076923 0.375 0.052632 1.0 0.0 0.000000 0.0 0.0 0.0000 0.00000 0.0
1.0 0.687970 0.098214 0.5 0.615385 0.375 0.061404 1.0 1.0 0.074627 1.0 0.5 0.0300 0.00058 1.0
1.0 0.176692 0.013393 0.5 0.461538 0.375 0.008772 1.0 1.0 0.044776 0.0 0.5 0.1300 0.15108 1.0
0.0 0.418496 0.037143 0.5 0.384615 0.375 0.023333 0.0 0.0 0.000000 0.0 0.5 0.1200 0.00237 0.0
1.0 0.538797 0.678571 0.5 0.000000 0.000 0.000000 1.0 1.0 0.014925 0.0 0.5 0.0470 0.00000 0.0
0.0 0.303308 0.056607 0.0 0.000000 0.000 0.000000 1.0 0.0 0.000000 0.0 0.5 0.1600 0.00000 0.0
1.0 0.081504 0.142857 0.0 0.153846 0.375 0.035088 0.0 0.0 0.000000 1.0 0.5 0.1800 0.01000 0.0
0.0 0.161654 0.086250 0.0 0.538462 0.375 0.000000 0.0 0.0 0.000000 0.0 0.5 0.0600 0.00000 0.0
1.0 0.144060 0.053571 0.5 0.538462 0.875 0.049649 1.0 0.0 0.000000 0.0 0.5 0.2110 0.00200 1.0
1.0 0.833383 0.321429 0.5 0.000000 0.000 0.140351 0.0 1.0 0.014925 0.0 0.5 0.0350 0.00006 0.0
1.0 0.510075 0.010357 0.5 0.538462 0.500 0.526316 1.0 1.0 0.298507 0.0 0.5 0.0000 0.15000 1.0
0.0 0.293233 0.089286 0.0 0.538462 0.375 0.087719 0.0 0.0 0.000000 1.0 0.5 0.0000 0.00002 0.0
1.0 0.443609 0.107143 0.5 0.769231 0.875 0.210526 1.0 1.0 0.164179 0.0 0.5 0.0400 0.00000 1.0
1.0 0.139098 0.022321 0.0 0.384615 0.375 0.004386 1.0 0.0 0.000000 0.0 0.5 0.0900 0.00001 0.0
1.0 0.315789 0.089286 0.5 0.923077 0.500 0.017544 0.0 0.0 0.000000 0.0 0.5 0.1740 0.00000 0.0
1.0 0.644060 0.660714 0.5 0.076923 0.500 0.526316 1.0 1.0 0.253731 1.0 0.5 0.0000 0.00000 1.0
0.0 0.457444 0.238036 0.5 0.769231 0.375 0.258772 1.0 1.0 0.044776 1.0 0.5 0.0000 0.00000 1.0
0.0 0.459850 0.000000 0.5 0.538462 0.375 0.087719 1.0 0.0 0.000000 0.0 0.5 0.0000 0.00000 1.0
1.0 0.308271 0.062500 0.5 0.615385 0.500 0.008772 1.0 0.0 0.000000 1.0 0.5 0.0815 0.00000 0.0
0.0 0.469925 0.163750 0.5 0.230769 0.875 0.035088 0.0 0.0 0.000000 1.0 0.0 0.1200 0.00000 0.0
1.0 0.253083 0.096786 0.0 0.461538 0.375 0.004386 0.0 0.0 0.000000 1.0 0.0 0.0400 0.00000 0.0
1.0 0.209323 0.026786 0.5 0.769231 0.875 0.005789 0.0 0.0 0.000000 1.0 0.5 0.1100 0.00251 0.0
1.0 0.085263 0.258929 0.5 0.461538 0.375 0.001404 0.0 1.0 0.014925 0.0 0.5 0.0500 0.00001 0.0
0.0 0.414737 0.035714 0.5 0.153846 0.500 0.078947 1.0 0.0 0.000000 1.0 0.5 0.0000 0.00300 1.0
0.0 0.146617 0.053571 0.5 0.615385 0.375 0.030702 0.0 0.0 0.000000 1.0 0.5 0.0800 0.00000 0.0
1.0 0.269474 0.029643 0.5 1.000000 0.375 0.046842 1.0 1.0 0.119403 1.0 0.5 0.1515 0.03290 1.0
0.0 0.061353 0.392857 0.5 1.000000 0.875 0.035088 1.0 1.0 0.164179 0.0 0.5 0.0000 0.03000 1.0
0.0 0.292030 0.080357 0.0 0.923077 0.375 0.122807 0.0 0.0 0.000000 1.0 0.5 0.1000 0.00141 0.0
0.0 0.582707 0.250000 0.5 0.384615 0.875 0.105263 0.0 0.0 0.000000 0.0 0.5 0.0000 0.00000 0.0
0.0 0.175489 0.040179 0.5 0.769231 0.375 0.045263 1.0 1.0 0.029851 0.0 0.5 0.1000 0.00000 0.0
1.0 0.403459 0.053571 0.5 0.153846 0.500 0.000000 0.0 0.0 0.000000 0.0 0.0 0.1500 0.00000 0.0
1.0 0.152932 0.020893 0.0 0.923077 0.875 0.004386 0.0 0.0 0.000000 0.0 0.5 0.1200 0.00001 0.0
1.0 0.635338 0.446429 0.5 0.230769 0.875 0.280702 1.0 0.0 0.000000 1.0 0.5 0.0120 0.02028 1.0
0.0 0.221805 0.108571 0.0 1.000000 0.875 0.089123 1.0 1.0 0.014925 0.0 0.5 0.0350 0.00000 1.0
1.0 0.275639 0.142857 0.5 0.461538 0.375 0.087719 1.0 0.0 0.000000 1.0 0.5 0.1800 0.00000 1.0
1.0 0.111579 0.031250 0.0 0.538462 0.875 0.008772 0.0 0.0 0.000000 0.0 0.5 0.1400 0.00204 0.0
1.0 0.307068 0.327500 0.5 0.538462 0.375 0.157895 1.0 1.0 0.179104 1.0 0.5 0.0000 0.00221 1.0
1.0 0.443609 0.900357 0.5 0.769231 0.875 0.007368 1.0 1.0 0.014925 0.0 0.5 0.3800 0.00090 0.0
0.0 0.368421 0.214286 0.5 0.230769 0.375 0.035088 1.0 0.0 0.000000 1.0 0.5 0.0000 0.00000 1.0
1.0 0.355940 0.072857 0.5 0.615385 0.375 0.001404 1.0 0.0 0.000000 1.0 0.5 0.2000 0.05800 1.0
1.0 0.241805 0.072857 0.0 1.000000 0.875 0.001404 0.0 0.0 0.000000 0.0 0.5 0.0640 0.00001 0.0
1.0 0.354586 0.095179 0.5 0.923077 0.375 0.005789 0.0 0.0 0.000000 1.0 0.5 0.0000 0.00501 0.0
1.0 0.264361 0.696429 0.5 0.538462 0.375 0.245614 1.0 1.0 0.238806 0.0 0.5 0.0000 0.05000 1.0
1.0 0.335789 0.090714 0.5 0.000000 0.000 0.000000 0.0 0.0 0.000000 0.0 0.5 0.0000 0.01000 0.0
1.0 0.101504 0.086250 0.5 0.538462 0.375 0.070175 1.0 1.0 0.164179 1.0 0.5 0.1000 0.03000 1.0
1.0 0.502556 0.208393 0.5 0.615385 0.375 0.192982 0.0 0.0 0.000000 0.0 0.5 0.2325 0.00150 0.0
1.0 0.124060 0.279821 0.0 0.153846 0.500 0.005789 0.0 0.0 0.000000 1.0 0.5 0.0920 0.00000 0.0
1.0 0.101504 0.357143 0.0 0.538462 0.375 0.087719 1.0 0.0 0.000000 0.0 0.0 0.0200 0.00000 1.0
1.0 0.318346 0.089286 0.5 0.615385 0.375 0.000000 1.0 0.0 0.000000 1.0 0.5 0.1195 0.00200 1.0
1.0 0.155338 0.031250 0.5 0.461538 0.375 0.002982 0.0 1.0 0.059701 0.0 0.5 0.1270 0.01950 0.0
1.0 0.354586 0.232143 0.5 0.461538 0.875 0.149123 1.0 1.0 0.179104 1.0 0.5 0.0465 0.00000 1.0
0.0 0.105263 0.340714 0.5 0.153846 0.375 0.001404 0.0 0.0 0.000000 0.0 0.5 0.1000 0.01000 0.0
1.0 0.344662 0.116071 0.5 0.769231 0.875 0.315789 1.0 0.0 0.000000 1.0 0.5 0.0510 0.00639 1.0
1.0 0.132782 0.358571 0.5 1.000000 0.375 0.001404 1.0 1.0 0.134328 0.0 0.5 0.0300 0.00396 1.0
0.0 0.198045 0.482143 0.5 0.769231 0.875 0.175439 1.0 1.0 0.029851 0.0 0.5 0.0000 0.05000 1.0
0.0 0.495038 0.016429 0.5 0.923077 0.875 0.014561 1.0 1.0 0.164179 1.0 0.5 0.2200 0.00006 1.0
0.0 0.577744 0.000000 0.0 0.000000 0.000 0.000000 0.0 0.0 0.000000 0.0 0.5 0.0000 0.00000 0.0
1.0 0.382256 0.089286 0.0 0.153846 0.875 0.350877 0.0 0.0 0.000000 1.0 0.0 0.1000 0.00000 0.0
1.0 0.382256 0.058036 0.5 0.538462 0.375 0.052632 1.0 1.0 0.149254 0.0 0.5 0.0930 0.04700 1.0
0.0 0.209323 0.072857 0.5 0.615385 0.375 0.008772 0.0 0.0 0.000000 1.0 0.5 0.0900 0.00050 0.0
1.0 0.081504 0.339286 0.5 0.615385 0.375 0.052632 1.0 0.0 0.000000 0.0 0.5 0.0600 0.02206 1.0
1.0 0.387218 0.151786 0.5 0.538462 0.500 0.228070 1.0 1.0 0.238806 0.0 0.5 0.0585 0.01210 1.0
1.0 0.340902 0.026786 0.0 0.076923 0.375 0.020526 0.0 0.0 0.000000 0.0 0.5 0.1200 0.00003 0.0
1.0 0.186767 0.008929 0.5 0.153846 0.500 0.000000 1.0 0.0 0.000000 1.0 0.5 0.0000 0.00000 1.0
1.0 0.386015 0.061071 0.0 0.461538 0.375 0.005789 0.0 0.0 0.000000 0.0 0.0 0.2000 0.00000 0.0
1.0 0.423609 0.015000 0.5 0.538462 0.875 0.007368 1.0 1.0 0.089552 0.0 0.5 0.1100 0.00948 1.0
1.0 0.113985 0.267857 0.5 0.384615 0.375 0.049649 1.0 1.0 0.014925 0.0 0.5 0.0400 0.09800 1.0
0.0 0.095188 0.044643 0.5 0.538462 0.375 0.000000 0.0 0.0 0.000000 0.0 0.5 0.0000 0.00000 0.0
0.0 0.207970 0.107143 0.5 0.461538 0.375 0.097895 0.0 1.0 0.014925 1.0 0.5 0.1400 0.00010 0.0
1.0 0.117744 0.028214 0.0 0.923077 0.375 0.023333 0.0 0.0 0.000000 0.0 0.5 0.0800 0.00000 0.0
1.0 0.218045 0.183036 0.5 1.000000 0.375 0.166667 1.0 1.0 0.029851 0.0 0.5 0.2100 0.00007 1.0
1.0 0.198045 0.080357 0.5 0.153846 0.500 0.017544 0.0 0.0 0.000000 1.0 0.5 0.3200 0.04000 0.0
0.0 0.070226 0.330357 0.5 0.769231 0.375 0.042456 1.0 1.0 0.059701 0.0 0.5 0.0300 0.00540 1.0
0.0 0.142857 0.209821 0.5 0.769231 0.375 0.111228 1.0 1.0 0.149254 0.0 0.5 0.0600 0.00245 1.0
1.0 0.147820 0.063929 0.5 0.538462 0.375 0.018947 0.0 0.0 0.000000 1.0 0.5 0.0680 0.00001 0.0
1.0 0.219248 0.178571 0.5 0.615385 0.375 0.385965 1.0 0.0 0.000000 1.0 0.5 0.0350 0.00000 1.0
1.0 0.179248 0.078929 0.0 0.384615 0.375 0.140351 1.0 0.0 0.000000 0.0 0.5 0.0940 0.00000 0.0
0.0 0.223008 0.059464 0.5 0.769231 0.375 0.084737 1.0 0.0 0.000000 1.0 0.5 0.2200 0.00000 0.0
1.0 0.137895 0.113036 0.0 0.538462 0.375 0.005789 0.0 0.0 0.000000 0.0 0.5 0.0800 0.01058 0.0
0.0 0.161654 0.037143 0.0 0.000000 0.000 0.017544 1.0 1.0 0.044776 0.0 0.5 0.0900 0.00147 0.0
1.0 0.165414 0.019286 0.5 0.461538 0.375 0.035088 0.0 0.0 0.000000 1.0 0.5 0.0600 0.00001 0.0
1.0 0.274436 0.062500 0.0 0.692308 0.875 0.001404 1.0 0.0 0.000000 1.0 0.5 0.1965 0.00000 1.0
1.0 0.516241 0.133929 0.5 0.153846 0.500 0.035088 0.0 0.0 0.000000 0.0 0.5 0.0500 0.00002 0.0
0.0 0.220602 0.125000 0.5 0.615385 0.375 0.029298 1.0 0.0 0.000000 0.0 0.0 0.1400 0.00000 1.0
1.0 0.175489 0.019286 0.5 0.615385 0.375 0.005789 0.0 1.0 0.014925 0.0 0.5 0.1360 0.00444 0.0
1.0 0.072632 0.367500 0.5 0.000000 0.000 0.014561 0.0 0.0 0.000000 0.0 0.5 0.0400 0.00000 0.0
1.0 0.119098 0.041607 0.0 0.230769 0.375 0.087719 1.0 1.0 0.014925 0.0 0.5 0.0900 0.00020 0.0
1.0 0.162857 0.044643 0.5 0.538462 0.375 0.008772 0.0 0.0 0.000000 0.0 0.5 0.0550 0.00000 0.0
1.0 0.038797 0.145893 0.5 0.153846 0.875 0.014561 0.0 0.0 0.000000 1.0 0.5 0.0600 0.00000 0.0
1.0 0.195489 0.071429 0.5 0.076923 0.375 0.026316 0.0 0.0 0.000000 1.0 0.5 0.0400 0.00000 0.0
1.0 0.517594 0.125000 0.5 0.384615 0.375 0.122807 1.0 0.0 0.000000 0.0 0.0 0.1150 0.00000 1.0
1.0 0.146617 0.098214 0.5 0.000000 0.000 0.157895 0.0 0.0 0.000000 0.0 0.5 0.0800 0.00025 0.0
0.0 0.409774 0.072857 0.0 0.769231 0.875 0.004386 1.0 1.0 0.343284 1.0 0.5 0.2275 0.01236 1.0
1.0 0.322105 0.897321 0.5 1.000000 0.875 0.057018 1.0 1.0 0.014925 1.0 0.5 0.2575 0.00500 1.0
1.0 0.150376 0.428571 0.5 0.538462 0.375 0.073158 0.0 0.0 0.000000 0.0 0.0 0.0400 0.00000 0.0
1.0 0.073985 0.178571 0.5 0.769231 0.375 0.013158 1.0 1.0 0.029851 0.0 0.5 0.0000 0.00038 0.0
1.0 0.249323 0.017857 0.5 0.076923 0.875 0.002982 0.0 0.0 0.000000 1.0 0.0 0.1260 0.00000 0.0
0.0 0.090226 0.026786 0.5 0.538462 0.375 0.027895 1.0 1.0 0.074627 1.0 0.5 0.0700 0.00005 0.0
1.0 0.186767 0.029821 0.5 0.923077 0.375 0.040877 0.0 0.0 0.000000 0.0 0.5 0.0500 0.00000 0.0
1.0 0.225564 0.053571 0.0 0.538462 0.375 0.052632 1.0 0.0 0.000000 1.0 0.5 0.0000 0.00225 0.0
1.0 0.224361 0.333393 0.5 0.769231 0.875 0.198772 1.0 1.0 0.089552 0.0 0.5 0.1905 0.00168 1.0
1.0 0.184211 0.035714 0.5 0.769231 0.375 0.061404 1.0 0.0 0.000000 1.0 0.5 0.1400 0.00000 1.0
1.0 0.146617 0.113036 0.0 0.230769 0.375 0.014561 0.0 1.0 0.014925 1.0 0.5 0.1400 0.00080 0.0
1.0 0.189173 0.464286 0.5 0.692308 0.125 0.000000 0.0 0.0 0.000000 1.0 0.5 0.0700 0.01110 0.0
1.0 0.610226 0.241071 0.5 0.538462 0.875 0.092105 1.0 1.0 0.164179 1.0 0.5 0.0000 0.00284 1.0
1.0 0.267970 0.013393 0.5 0.076923 0.375 0.030702 1.0 0.0 0.000000 1.0 0.0 0.4640 0.00000 0.0
0.0 0.172932 0.446429 0.5 0.076923 0.375 0.035088 0.0 0.0 0.000000 1.0 0.5 0.0900 0.01062 0.0
1.0 0.292030 0.113036 0.0 1.000000 0.375 0.111053 1.0 1.0 0.044776 1.0 0.5 0.1900 0.00000 1.0
1.0 0.387218 0.058036 0.5 0.538462 0.375 0.052632 0.0 0.0 0.000000 0.0 0.5 0.0000 0.00316 0.0
0.0 0.058947 0.000000 0.0 0.307692 0.000 0.000000 0.0 0.0 0.000000 0.0 0.5 0.0430 0.00000 0.0
1.0 0.152932 0.023750 0.5 0.538462 0.375 0.005789 0.0 0.0 0.000000 0.0 0.5 0.0500 0.00000 1.0
1.0 0.194286 0.096786 0.0 0.923077 0.375 0.184211 1.0 1.0 0.014925 0.0 0.5 0.1055 0.00000 1.0
0.0 0.131579 0.014821 0.5 0.153846 0.375 0.011754 0.0 0.0 0.000000 1.0 0.0 0.0720 0.00000 0.0
1.0 0.393534 0.019286 0.0 0.384615 0.375 0.017544 1.0 1.0 0.044776 0.0 0.5 0.1000 0.01000 1.0
0.0 0.185414 0.309464 0.5 0.384615 0.375 0.049649 1.0 0.0 0.000000 0.0 0.5 0.0800 0.00150 1.0
1.0 0.093985 0.000000 0.5 0.076923 0.375 0.017544 0.0 0.0 0.000000 0.0 0.5 0.0720 0.00000 0.0
1.0 0.267970 0.142857 0.0 0.153846 0.375 0.002982 0.0 0.0 0.000000 1.0 0.5 0.2055 0.00000 0.0
1.0 0.195489 0.160714 0.0 0.538462 0.500 0.087719 0.0 0.0 0.000000 0.0 0.5 0.1000 0.01210 0.0
0.0 0.167970 0.044643 0.5 0.000000 0.000 0.000000 1.0 0.0 0.000000 0.0 0.5 0.0400 0.00000 0.0
0.0 0.278195 0.053571 0.5 0.538462 0.375 0.008772 0.0 0.0 0.000000 1.0 0.5 0.1860 0.00122 0.0
1.0 0.058947 0.159286 0.5 0.538462 0.375 0.008772 0.0 0.0 0.000000 0.0 0.0 0.0400 0.00000 0.0
0.0 0.360902 0.196429 0.5 0.769231 0.375 0.004386 1.0 0.0 0.000000 1.0 0.5 0.1140 0.00000 1.0
1.0 0.134135 0.090714 0.0 0.538462 0.875 0.090702 1.0 0.0 0.000000 0.0 0.5 0.0000 0.00000 1.0
0.0 0.062707 0.364643 0.5 0.000000 0.000 0.000000 0.0 0.0 0.000000 0.0 0.5 0.0000 0.00050 0.0
1.0 0.160451 0.440536 0.5 0.769231 0.875 0.055614 1.0 0.0 0.000000 1.0 0.5 0.0600 0.00000 1.0
0.0 0.180451 0.017857 0.5 0.538462 0.875 0.030702 1.0 0.0 0.000000 1.0 0.5 0.2455 0.00000 1.0
1.0 0.186767 0.446429 0.0 0.230769 0.875 0.043860 0.0 0.0 0.000000 1.0 0.5 0.0000 0.00017 0.0
0.0 0.135338 0.220179 0.5 0.384615 0.375 0.005789 0.0 0.0 0.000000 0.0 0.5 0.1100 0.01000 0.0
1.0 0.139098 0.026786 0.5 0.461538 0.375 0.017544 1.0 0.0 0.000000 1.0 0.0 0.1600 0.00000 0.0
1.0 0.179248 0.010357 0.0 0.538462 0.375 0.052632 0.0 0.0 0.000000 1.0 0.5 0.0800 0.00000 0.0
1.0 0.523759 0.007321 0.0 0.230769 0.375 0.008772 1.0 1.0 0.164179 0.0 0.5 0.1900 0.02732 1.0
1.0 0.111579 0.000000 0.5 0.538462 0.375 0.017544 0.0 0.0 0.000000 1.0 0.0 0.0000 0.00000 0.0
1.0 0.323308 0.589286 0.0 0.538462 0.375 0.140351 1.0 0.0 0.000000 0.0 0.5 0.0400 0.00000 0.0
0.0 0.137895 0.413750 0.5 0.923077 0.375 0.001404 1.0 0.0 0.000000 0.0 0.5 0.0400 0.01349 1.0
0.0 0.517594 0.047679 0.5 0.153846 0.750 0.011754 0.0 0.0 0.000000 0.0 0.5 0.0000 0.00120 0.0
1.0 0.439850 0.010357 0.0 0.923077 0.875 0.061404 1.0 1.0 0.119403 0.0 0.5 0.0500 0.00375 1.0
1.0 0.267970 0.375000 0.5 1.000000 0.375 0.228070 1.0 0.0 0.000000 0.0 0.5 0.0000 0.00000 1.0
1.0 0.104060 0.014821 0.5 0.538462 0.375 0.004386 0.0 0.0 0.000000 0.0 0.5 0.0000 0.00044 0.0
0.0 0.076391 0.340714 0.5 0.384615 0.375 0.002982 1.0 0.0 0.000000 0.0 0.5 0.0500 0.00000 1.0
0.0 0.205564 0.517857 0.5 1.000000 0.875 0.108246 1.0 1.0 0.014925 0.0 0.5 0.0600 0.00011 1.0
1.0 0.409774 0.001429 0.5 0.692308 0.375 0.001404 0.0 1.0 0.014925 0.0 0.0 0.2800 0.00000 1.0